 -0.00008782167283089  0.00087155691109673  0.00193533531524239  0.00351180490001353
  0.00558530521299452  0.00816020974992104  0.01114181865455201  0.01455434278423510
  0.01839459363118830  0.02239846497962323  0.02692995115921218  0.03188644367968371
  0.03699322234687880  0.04247197162535867  0.04817063449887790  0.05403707436860252
  0.06011408274975028  0.06644619586958229  0.07298160615799680  0.08009350658585707
  0.08720329230243447  0.09464184923726311  0.10209560451775836  0.10967213851592450
  0.11730238575905663  0.12522365788237871  0.13336275879243811  0.14156679739127537
  0.14988845176464408  0.15856450455303503  0.16755257704715124  0.17677440096429620
  0.18618368707527475  0.19555768122417805  0.20501674119222327  0.21451965352627578
  0.22450167926325931  0.23465373111325874  0.24477469714895861  0.25491062685708277
  0.26520241853655024  0.27560347353985487  0.28606252972653007  0.29686776468306764
  0.30783450018613590  0.31928415900372392  0.33118441999367831  0.34313196250675054
  0.35516186926482501  0.36744532747940545  0.38004302022856651  0.39287356932579098
  0.40582092144201592  0.41881778775838197  0.43175521337765865  0.44464879929022810
  0.45748444336095317  0.47056980003884569  0.48377622028242179  0.49699167173807263
  0.51029776173463237  0.52383887755193614  0.53720870201624593  0.55100155737706824
  0.56486460181558140  0.57876111890841975  0.59259527026584402  0.60636225238179908
  0.62015919000508490  0.63383944953303606  0.64724008117985010  0.66076135731640540
  0.67442891156972473  0.68808588643770341  0.70152413761053867  0.71514387960157733
  0.72888248918542908  0.74268039872694591  0.75650709906452174  0.77033949901281717
  0.78416509035668014  0.79807617338286685  0.81182042923061215  0.82558474560960193
  0.83944691697632734  0.85346551977420515  0.86792655299634802  0.88226367073852907
  0.89648932985315777  0.91075248799578512  0.92526898793423906  0.94002745360455808
  0.95487836900173817  0.96984996581782978  0.98492030596118485  1.00000000000000000
 -0.00230712975796099  0.00937116139735037  0.01929481106791759  0.02948782926824152
  0.03987795810057061  0.04992450922282503  0.05960479913015890  0.06899223612998545
  0.07842667187045776  0.08824440142428938  0.09850137045667326  0.10860441427155092
  0.11891100598822810  0.12925624679862990  0.14020048600396656  0.15070101854138807
  0.16072601966948330  0.17068111117238255  0.18068297652219067  0.19097489312035343
  0.20148155460924996  0.21232133301298528  0.22358916594115208  0.23474782048105441
  0.24629572229506344  0.25749756531467027  0.26802147298679385  0.27786499890700489
  0.28743555014918265  0.29703548321746831  0.30688307584397306  0.31685726036590223
  0.32685739368525124  0.33693508081538670  0.34730626119580366  0.35771325363769435
  0.36783583418865745  0.37810639108679978  0.38886450854285093  0.39971445932847377
  0.40998125110779965  0.42005800527695614  0.43010062961855627  0.44047465245981793
  0.45131263099043556  0.46250199170363238  0.47364280212520948  0.48424710256828424
  0.49447075571372240  0.50548309940594316  0.51662886371033767  0.52761792078455649
  0.53838783666834522  0.54975674168477018  0.56101484012753933  0.57186892579791249
  0.58265547274391138  0.59318878181102075  0.60362368093457364  0.61414906078281328
  0.62474182107500731  0.63568201534811353  0.64637117079612239  0.65758653876109374
  0.66892632653396855  0.68080267315779497  0.69249340590432373  0.70371572372495506
  0.71482038599592290  0.72576270653238451  0.73617155310896598  0.74599568365766900
  0.75539050933251106  0.76476253857130971  0.77415951826001350  0.78381628082471400
  0.79360908967473009  0.80385868149505912  0.81385572593843025  0.82397504051691428
  0.83416124335905417  0.84475261008453428  0.85554379284029558  0.86603045703509807
  0.87644092781824712  0.88699049185322609  0.89776963487817496  0.90846344717913263
  0.91934988190799605  0.93070717906057454  0.94238976812085440  0.95427885188676720
  0.96543521543008759  0.97658725824154191  0.98798602211642805  1.00000000000000000
 -0.00252786473880357  0.01668879993587192  0.03120019036226757  0.04354146360677714
  0.05435252989285508  0.06442824555259796  0.07430001065314418  0.08415421180535379
  0.09380375749680452  0.10309905008206952  0.11196867118055542  0.12051990896506627
  0.12886960127700017  0.13708954365929957  0.14532898372187142  0.15370149686431556
  0.16220320038863931  0.17069275990683030  0.17915277468391566  0.18751574149560185
  0.19568731518518279  0.20391988754795409  0.21154477491388127  0.21922267745615695
  0.22694972625444537  0.23451195948454415  0.24179838472848258  0.24898300819135899
  0.25615460623418851  0.26328743729040921  0.27028425634231740  0.27719589595756006
  0.28408734300351901  0.29087512594478981  0.29760632765292561  0.30435393147539413
  0.31117758559455355  0.31830553463766420  0.32542295593340226  0.33260228447876805
  0.33997727367222308  0.34751900414369380  0.35493262853392599  0.36270869903487163
  0.37065992576897150  0.37879867818306812  0.38692635614087512  0.39496853367357138
  0.40304899321451104  0.41127833342682496  0.41958403315071013  0.42784368768889275
  0.43609454249216795  0.44403679928133161  0.45225323580461102  0.46018777467277272
  0.46811982635195493  0.47611363517273875  0.48439350704963724  0.49293805089309262
  0.50144069682739523  0.50969008196380283  0.51796953759531938  0.52618818042109372
  0.53425763197192022  0.54229178357050412  0.55050678405453735  0.55874135243123380
  0.56714178686160932  0.57575835137333520  0.58471540888688811  0.59394865224035398
  0.60307609175438848  0.61210209682798411  0.62137605295360199  0.63123908031162701
  0.64137065340951882  0.65124741677992237  0.66103105231903103  0.67127095440125262
  0.68194024359845384  0.69277649609190994  0.70389734686126393  0.71609372405559757
  0.72882183105332188  0.74136248053839182  0.75438151478326820  0.76822424903031117
  0.78293665173211979  0.79902258342261656  0.81697291697367824  0.83718049577471210
  0.85964491218104899  0.88617363549096773  0.92512262222213204  1.00000000000000000
 -0.01856300260348326  0.11498188515789035  0.15429229712107637  0.17828140442916268
  0.19680985361017439  0.21234994235947927  0.22640294984924333  0.23914224485450147
  0.25120625868346980  0.26217689789365778  0.27243921437847962  0.28139817575654141
  0.29013228523485801  0.29819023370775166  0.30605143699603199  0.31394830756313952
  0.32140199848367978  0.32873550096631488  0.33568407969366604  0.34252440445719706
  0.34899733078751610  0.35550419802118410  0.36212627887349969  0.36870737105753426
  0.37528828234650807  0.38122948277820956  0.38720510613801074  0.39319611839077190
  0.39920289525136793  0.40509900539938404  0.41083376184360526  0.41638281717409781
  0.42167486383226055  0.42677869475149388  0.43173842965749848  0.43655354949148878
  0.44131920544656372  0.44619201312426382  0.45118902939011862  0.45623242370710920
  0.46119268776345468  0.46609963295613627  0.47085926875919515  0.47574384749795434
  0.48062593438238260  0.48550518590738501  0.49033390077343358  0.49511451296566411
  0.49994787939436502  0.50494467495026052  0.51004878446244162  0.51507564093761671
  0.52011308082611107  0.52523430585258957  0.53041841675793489  0.53546611853343018
  0.54049592388485190  0.54566845247470552  0.55100842038291376  0.55647081884374539
  0.56198109370531224  0.56745521493094819  0.57288577008899721  0.57842577875784318
  0.58387483579281463  0.58928247627500385  0.59471889958210544  0.60016258812025869
  0.60571514201384669  0.61142449746661431  0.61718204853097691  0.62297011956092319
  0.62897861429598678  0.63521080805641317  0.64177902297703759  0.64863945486745911
  0.65609620204251262  0.66362745677350432  0.67106499595513558  0.67844535830440889
  0.68585540956989133  0.69360321726129748  0.70189708472721324  0.71079574579047666
  0.72000607295492436  0.72961521863516898  0.74000895887425167  0.75121124887028623
  0.76291841948343964  0.77526040669082252  0.78943172288877184  0.80559847945914342
  0.82499015523964192  0.84961484099629647  0.88700001899231384  1.00000000000000000
   3.8430421855616673E-004  -1.0000000000000000     
 T T T T T T T T T T T T T T T T F F F F F F F F F F F F F F F F
  <DiscreteSampler_grid>
  grouped_processes
  1 # 1 for a reference and 2 for a running grid.
  10 # Attribute 'min_bin_probing_points' of the grid.
  1 # Attribute 'grid_mode' of the grid. 1=='default',2=='initialization'
  0.0000000000000000 # Attribute 'small_contrib_threshold' of the grid.
  0.5000000000000000 # Attribute 'damping_power' of the grid.
 # binID   n_entries weight   weight_sqr   abs_weight
    10   10   2.561602900313732E+007   6.693352163179716E+014   2.561602900313732E+007
  </DiscreteSampler_grid>
