  0.00067474311583214  0.00083204649792696  0.00095106637311164  0.00105609850689429
  0.00115366418430959  0.00124602049748739  0.00133320349570412  0.00142081303230647
  0.00151528199092226  0.00160990724947729  0.00170987787333438  0.00181377802088526
  0.00191589689353223  0.00201334484005858  0.00210940932678438  0.00220937590369207
  0.00231519754465050  0.00242368059891968  0.00253128441597330  0.00263685894176651
  0.00274482685180394  0.00286025263011926  0.00297998902705380  0.00310404184258995
  0.00323551875237905  0.00337460151322497  0.00351750066189299  0.00366111167439579
  0.00380770719315178  0.00397078224437924  0.00414761914993879  0.00433121089915465
  0.00453578423110982  0.00475623058562979  0.00499872894494589  0.00526561791868150
  0.00554653467129142  0.00580811573604689  0.00600640192606898  0.00619117884379707
  0.00638108628775677  0.00656492278796234  0.00674496248843220  0.00692491105683613
  0.00711945235038320  0.00731157441481527  0.00749988043165390  0.00770740192190648
  0.00793662447234331  0.00820895924931769  0.00854362294738902  0.00892026170812961
  0.00934424274180077  0.00976336029771246  0.01016449095894723  0.01057877648526200
  0.01100415559315208  0.01143248487289728  0.01194470583981981  0.01244990843730180
  0.01296790239093831  0.01347801016384463  0.01398325231361163  0.01448773176907337
  0.01502226306355037  0.01569482320347741  0.01640427212404984  0.01718443455242703
  0.01805471112847905  0.01904157345888041  0.02005735141314901  0.02108650641843750
  0.02222320515767778  0.02340480629557609  0.02485914027975553  0.02635019836219079
  0.02784542559278004  0.02944205228375876  0.03101153994197208  0.03274683490140350
  0.03511723241613168  0.03907149541215536  0.04321476592910686  0.04578642946265423
  0.04802790609822331  0.05035400311788833  0.05450850351896128  0.06108817103781203
  0.06647114678574494  0.07679245071770566  0.08278300145893958  0.08901458945976624
  0.11083696664691134  0.15520175833365987  0.48593507649828760  1.00000000000000000
 -0.00022660483992072  0.00240706614722816  0.00648860168724191  0.01191028736802999
  0.01852230600274977  0.02563064337344264  0.03341317008682499  0.04181029002854485
  0.05041675742546409  0.05977441759014535  0.07042554895744155  0.08071525841967778
  0.09058101764715759  0.10092036498699510  0.11159510100804282  0.12163147133246911
  0.13168804499974127  0.14204794181347016  0.15292462024416809  0.16437140629118568
  0.17678157652239729  0.18877528600685900  0.20067225493227583  0.21223191545189957
  0.22391083628341379  0.23574966646849502  0.24645328760720761  0.25635399760786209
  0.26598696612423667  0.27566919865155892  0.28561317866380775  0.29584287453872643
  0.30641507672534157  0.31679204855794096  0.32659771406532662  0.33639971704841409
  0.34644016563802082  0.35640964338065773  0.36708480857747122  0.37810873942477452
  0.38875862106056491  0.39934075657701079  0.41018195863257811  0.42108172875452043
  0.43180567600300790  0.44257546018451221  0.45383370362066183  0.46522134824052508
  0.47638518912853012  0.48756884014506408  0.49872751780043489  0.50998444970792733
  0.52179839498262104  0.53403126281351065  0.54629240997966366  0.55833554307083988
  0.57022722105127399  0.58180636113962747  0.59334698509319594  0.60464666407393486
  0.61584927170114279  0.62681079368678461  0.63746172358570974  0.64802322587954619
  0.65886690588381047  0.67010426617099272  0.68120090312425308  0.69201108563552616
  0.70292382809027731  0.71428834050391066  0.72589355334647054  0.73758451515741874
  0.74899587140513380  0.75995717749237268  0.77047285793924936  0.78048391692493435
  0.79011866419766852  0.80011564124477541  0.81011525869285816  0.82123129097382574
  0.83247182780306295  0.84370281653369339  0.85472567338502781  0.86537467609791363
  0.87580791925772228  0.88640693680703964  0.89719092272326706  0.90807520363198124
  0.91903081079604021  0.93052436667349459  0.94221663911602782  0.95378015305977670
  0.96522907242399814  0.97674255211001737  0.98838286245094742  1.00000000000000000
 -0.00208601015866833  0.00880957960203449  0.01915371520925534  0.03007078179961897
  0.04069369050754840  0.05043259767410199  0.06007199479111793  0.06950281590773712
  0.07868384011273878  0.08803330591097207  0.09726561595743485  0.10664565140820478
  0.11672702987440661  0.12767106670723560  0.13941529389135990  0.15127576276318908
  0.16282802162696711  0.17488719225719324  0.18733465737936617  0.20018750003988425
  0.21260164961597569  0.22379114497124050  0.23478231868870097  0.24558925270570203
  0.25648270035459653  0.26702854827242484  0.27797251974652509  0.28907208478856444
  0.30055930643564527  0.31176287129608232  0.32177715283007485  0.33141949680954996
  0.34134989743299038  0.35123016677969354  0.36104666311186923  0.37011058099927302
  0.38021508682685029  0.39098013836924511  0.40107944850685406  0.41090367589231930
  0.42080420998989643  0.43108046345707907  0.44177911602073872  0.45254251745072138
  0.46369010078352407  0.47483557679314375  0.48581438134122773  0.49619551833746495
  0.50726643734676558  0.51817614367083176  0.52908441917375637  0.53961935147178175
  0.55004433758690963  0.56057293783459794  0.57126254083086903  0.58207227388837879
  0.59303348738543715  0.60370702741136828  0.61376030162414430  0.62353616924372646
  0.63340408805093007  0.64358099565407501  0.65350124202805027  0.66376902758433176
  0.67382325743563887  0.68402410034514727  0.69380567172324370  0.70310495515498650
  0.71186411776448288  0.72001633021826772  0.72850098364013460  0.73801245862469111
  0.74816693888009989  0.75858517372049905  0.76974164539819800  0.78203121019850685
  0.79467121716821032  0.80705686932983745  0.81867920919749360  0.82930768397234556
  0.83976546113926176  0.85044020600880554  0.86082256118663725  0.87073189159424258
  0.88073345791653956  0.89110230333193818  0.90196964696206827  0.91330910872469384
  0.92606587339918023  0.93899738258742238  0.95036296502742756  0.96151280703323216
  0.97164503402708580  0.98104779126913289  0.99020567930213577  1.00000000000000000
 -0.00164418835945796  0.00700247266780935  0.01464436656643803  0.02346195681196486
  0.03261648615674385  0.04184946524386799  0.05175910170985223  0.06233366758794747
  0.07282726641868700  0.08311475809734467  0.09286564460673179  0.10243579038379831
  0.11248373136441189  0.12313280320808330  0.13402058327482153  0.14488641189774015
  0.15572498943373558  0.16694159040867818  0.17758924656347078  0.18910347632426858
  0.20159579673023301  0.21352904037255482  0.22489974930701545  0.23532753837347384
  0.24627061123123567  0.25754506858161591  0.26802220028939100  0.27834824873413294
  0.28954005312351416  0.30292206041663100  0.31558390037022738  0.32696605313811400
  0.33781578431075482  0.34880136334336814  0.35950186352577596  0.36963726316618234
  0.37934824825773572  0.38881387347764962  0.39838174292707207  0.40783263944301118
  0.41779219200479101  0.42793408820020101  0.43804174506565247  0.44862047128638760
  0.45963967541534728  0.47055144216971795  0.48168997981713846  0.49233158730846055
  0.50382149514010988  0.51545855608243618  0.52652932353718740  0.53703495451526773
  0.54656066020726080  0.55542854696930355  0.56475454136705050  0.57473163383278991
  0.58436973879092469  0.59411074261667107  0.60395592222728178  0.61367473404007122
  0.62357578255022739  0.63455298674233029  0.64591880930005496  0.65722978947252142
  0.66789922030159976  0.67853008391162140  0.68948255100889466  0.69962000613117847
  0.71028829804909965  0.72092318768424346  0.73155344121362331  0.74290484479720043
  0.75369833193241575  0.76522931158545615  0.77669046931423225  0.78863788074801555
  0.79989683453324889  0.81180682248692415  0.82341375347373280  0.83474673041807779
  0.84720588397491425  0.85864520304630765  0.86941434949907936  0.87954046400123043
  0.88980188968673313  0.90056266407531937  0.91164460430400029  0.92235794519045111
  0.93279927820804553  0.94293178898677898  0.95353293462662225  0.96383427987579151
  0.97327821183805441  0.98228695157589385  0.99090871680473447  1.00000000000000000
 -0.00205002743920032  0.00876379144123691  0.01749076447124045  0.02678638565510210
  0.03578084375221731  0.04526049147348772  0.05467233625481589  0.06419799633632618
  0.07383673077625541  0.08412821482553592  0.09545629699386556  0.10682104629878740
  0.11772450588085798  0.12853683230474031  0.13974006218097462  0.15154657943974978
  0.16388418427648638  0.17577277025164770  0.18794092698345971  0.19910294414824975
  0.20987506958421165  0.22015068138367655  0.23061775259373624  0.24184141790969080
  0.25371800374008552  0.26466551314912262  0.27471968714593853  0.28469753739057463
  0.29437299256501975  0.30493757581871522  0.31601407119800312  0.32711388377176498
  0.33806888874406915  0.34893800753114185  0.35930109916263003  0.36961124388329408
  0.37995482941947628  0.39060352564666601  0.40114208622535313  0.41206789814030964
  0.42288211563531458  0.43346907590989170  0.44433388991212763  0.45473176274822524
  0.46461147239202827  0.47446350649863878  0.48555899586923806  0.49795540603536542
  0.51014268244623096  0.52215637503353896  0.53496318185184988  0.54604748144182813
  0.55514361765891429  0.56411797906671313  0.57277589952789643  0.58208356923780091
  0.59185094792761805  0.60177268643925363  0.61201573000458376  0.62313353445631681
  0.63519995178251443  0.64780282701579195  0.65713877548099409  0.66685341584342339
  0.67684599832595582  0.68679215317187459  0.69644331650444835  0.70638798707086892
  0.71731679046948227  0.72865866826223047  0.73960826884604880  0.75054794147233150
  0.76139631296095733  0.77174866401721964  0.78146687643289436  0.79135014049175467
  0.80145945218040260  0.81180439136487603  0.82228555042882789  0.83213055682035486
  0.84223264064187164  0.85260610112159596  0.86339902634105803  0.87508770606482300
  0.88562829409216071  0.89615890751637717  0.90648679068787952  0.91661150099968502
  0.92702579048762546  0.93744213522500031  0.94788387170184207  0.95881721340981729
  0.97016959356246302  0.98086020999152113  0.99056801949688533  1.00000000000000000
 -0.03936473580459868  0.34235484089921675  0.44333094611031465  0.50647710083375508
  0.55388473396085103  0.58972649831506430  0.61727148368326701  0.64080596038795601
  0.66030437566363986  0.67741079348001454  0.69364500090662029  0.70895499533023743
  0.72237646157536173  0.73461971508204682  0.74614520435994658  0.75682227425334536
  0.76639442947168734  0.77522707419960002  0.78389117573064526  0.79260819683404937
  0.80114780761849946  0.80917947061977591  0.81663303146016863  0.82336925170130604
  0.82961930620856628  0.83539753668347938  0.84091509855311997  0.84632710718628168
  0.85145740757492938  0.85628915651855453  0.86083752329641205  0.86539742060376490
  0.86975895526046265  0.87383279973637284  0.87767132828482686  0.88133742761638767
  0.88484840555365318  0.88822246135122340  0.89148632393134386  0.89467514686837923
  0.89769191346798594  0.90060010481367148  0.90345014937809254  0.90622362401391188
  0.90895319493582394  0.91166746195658455  0.91431702905073708  0.91691016877968745
  0.91943173569078218  0.92186711781062824  0.92422871935385287  0.92650624037273210
  0.92874569420601238  0.93098438512230886  0.93318708274052831  0.93534253626200436
  0.93742874264827203  0.93944488027529205  0.94142020093517420  0.94334845307698245
  0.94519793505534921  0.94692245991758150  0.94858238722137656  0.95022195513358387
  0.95187251083016200  0.95347928511632751  0.95503799662873456  0.95661477936352235
  0.95824685877422000  0.95990473201323456  0.96149807318973080  0.96311663654574597
  0.96468944282721991  0.96620904215545456  0.96769678075702015  0.96915743039497948
  0.97058199345980189  0.97199271448288960  0.97337571810956369  0.97471950609953772
  0.97601959069244737  0.97727603122276674  0.97855309248315736  0.97984207749822128
  0.98112040762271335  0.98237072639276857  0.98362097430678874  0.98486764405929139
  0.98609486875653540  0.98739704055150568  0.98880916428506438  0.99030221642749638
  0.99193594829427179  0.99385457422303158  0.99644846707200030  1.00000000000000000
 -0.01790485078254575  0.09677892042958330  0.15418331561364770  0.19326614347041782
  0.23035084084923801  0.26568612577338752  0.29460947306227381  0.31750140630891976
  0.33669737540492878  0.35311808434144876  0.36766401976608576  0.38068098837657954
  0.39278458640749686  0.40389957941149907  0.41411368400487730  0.42347898378292792
  0.43206705167787801  0.44053973946533825  0.44895861510533430  0.45706523471859245
  0.46404098297414842  0.47038551882883151  0.47661260471714512  0.48285185774107375
  0.48902218628934441  0.49511172093265021  0.50114673625535933  0.50709798079578972
  0.51277355886382925  0.51839786485966743  0.52420046217725302  0.53006568759856620
  0.53592547410007485  0.54168075892855627  0.54729343638500638  0.55293372517102413
  0.55876762845081684  0.56450343260962166  0.56978407561617272  0.57496152725480754
  0.58008835633074785  0.58520667979261531  0.59024156761849711  0.59510331145856465
  0.59976732514308095  0.60425748943612445  0.60871599966887546  0.61324346926071871
  0.61789798059723888  0.62271459581394806  0.62755245728686637  0.63233228897399663
  0.63715385623674869  0.64204196091366550  0.64687235868513548  0.65135980930316284
  0.65594214132024076  0.66049332551796280  0.66490083874938422  0.66926175790505193
  0.67320106663445167  0.67729120611427895  0.68128886734694749  0.68536965252760584
  0.68951726147830084  0.69369415262171452  0.69800640822752713  0.70238641809457858
  0.70661483070202202  0.71081366695086401  0.71539094335164277  0.71985934269127327
  0.72439035886452285  0.72918141613836396  0.73411776047580668  0.73908216138613614
  0.74419524352497368  0.74938613813221022  0.75450048759301447  0.75969745838536096
  0.76503135170121561  0.77050602354322462  0.77632406013168154  0.78245108290007914
  0.78876004708849368  0.79584706325583887  0.80370045280143199  0.81213490503098518
  0.82144318321505494  0.83166899805875860  0.84305175098321383  0.85591048383900092
  0.87074869708626923  0.88936393521191226  0.92010614199473240  1.00000000000000000
   1.4879465757296516E-005  -1.0000000000000000     
 T T T T T T T T F F F F F F F F F F F F F F F F T T T T T T T T T T T T T T T T F F F F F F F F F F F F F F F F T T T T T T T T
  <DiscreteSampler_grid>
  grouped_processes
  1 # 1 for a reference and 2 for a running grid.
  10 # Attribute 'min_bin_probing_points' of the grid.
  1 # Attribute 'grid_mode' of the grid. 1=='default',2=='initialization'
  0.0000000000000000 # Attribute 'small_contrib_threshold' of the grid.
  0.5000000000000000 # Attribute 'damping_power' of the grid.
 # binID   n_entries weight   weight_sqr   abs_weight
    19   10   1.424025815732521E+004   5.701345866815374E+008   1.424025815732521E+004
    20   10   1.424025815732522E+004   5.701345866815392E+008   1.424025815732522E+004
    22   10   1.424025815732521E+004   5.701345866815374E+008   1.424025815732521E+004
    23   10   1.424025815732522E+004   5.701345866815392E+008   1.424025815732522E+004
    25   10   9.434998094279576E+003   2.666301276419697E+008   9.434998094279576E+003
    26   10   9.434998094279585E+003   2.666301276419705E+008   9.434998094279585E+003
    28   10   9.095152979009650E+003   2.467391667365778E+008   9.095152979009650E+003
    29   10   9.095152979009657E+003   2.467391667365785E+008   9.095152979009657E+003
  </DiscreteSampler_grid>
