  0.00018314518601896  0.00018501114605163  0.00018622136966004  0.00018735975166379
  0.00018850946306734  0.00018962759779393  0.00019075051947718  0.00019186838979534
  0.00019297212551483  0.00019417791737987  0.00019539294010487  0.00019662847242077
  0.00019800173292828  0.00019936447261191  0.00020072840505441  0.00020210555362854
  0.00020351399696623  0.00020499178599158  0.00020654445393771  0.00020814322338961
  0.00020981247164808  0.00021153049921434  0.00021329589564094  0.00021530503858592
  0.00021740855101477  0.00021961761882259  0.00022195151596656  0.00022429801397696
  0.00022669193068275  0.00022915894882423  0.00023173069308835  0.00023458412891898
  0.00023769761602390  0.00024112113038667  0.00024477654335386  0.00024853943696425
  0.00025232258552662  0.00025631978480997  0.00026057558874716  0.00026529520473850
  0.00027064296696968  0.00027618078432730  0.00028174426210954  0.00028718673812224
  0.00029329644473200  0.00029989629374780  0.00030677438620669  0.00031399384315888
  0.00032148746640389  0.00033027724070935  0.00033945138946937  0.00034915379892594
  0.00035948970410948  0.00037106248959770  0.00038308394901739  0.00039634762815227
  0.00041123388405807  0.00042718925896984  0.00044416498001681  0.00046175002310711
  0.00048092003926483  0.00050291670534611  0.00052694144873590  0.00055266200344900
  0.00057889351939977  0.00060921274915027  0.00064412364975717  0.00068264710890091
  0.00072476960603542  0.00077094351628380  0.00082337475664754  0.00088322338036153
  0.00095489631112811  0.00102979221558815  0.00111080210262297  0.00120273406804118
  0.00130866985385259  0.00142923681872363  0.00156558714693953  0.00171463539354417
  0.00188422543581931  0.00208069960023432  0.00230386394488915  0.00257200532068446
  0.00292476903994774  0.00332779949500280  0.00379562141922076  0.00438162256993474
  0.00512315086993819  0.00612454545742977  0.00746499757746012  0.00942187212112338
  0.01242210312138748  0.01979935945439951  0.20949331835633864  1.00000000000000000
  0.00000393414522019  0.00000714589110300  0.00001092060456630  0.00001438520749950
  0.00001785653591103  0.00002149803350142  0.00002552709826412  0.00002997813203035
  0.00003476266419356  0.00003972494939672  0.00004467447679882  0.00004971305801002
  0.00005493214314123  0.00006051693390365  0.00006725240717275  0.00007504163804319
  0.00008300632371346  0.00009172871001979  0.00010110571734246  0.00011163378809458
  0.00012270587059716  0.00013403413320007  0.00014587443378910  0.00015819835412469
  0.00017139276839841  0.00018543425456831  0.00020072707733102  0.00021839662330608
  0.00023760381841461  0.00025825738732285  0.00027990639769029  0.00030243331180284
  0.00032647794613087  0.00035190666454564  0.00037795129603046  0.00040407558278455
  0.00043083239673482  0.00045872783908098  0.00048775732020167  0.00051819219305926
  0.00055200125764591  0.00058801437532113  0.00062487960719080  0.00066087921250771
  0.00069616433173265  0.00073350762942909  0.00077299278974204  0.00081612624973376
  0.00086269098440267  0.00091221649476623  0.00096854697362278  0.00103078039816893
  0.00109283253719172  0.00115701723179327  0.00122400771714337  0.00129473809157354
  0.00137216833295380  0.00144568323291779  0.00152537735094560  0.00160433689874948
  0.00169599136213159  0.00179497755402094  0.00190227242265041  0.00200536340176283
  0.00211067409245208  0.00223192393139639  0.00237324477990964  0.00253087994519944
  0.00268928660361077  0.00285837396312773  0.00303247588340202  0.00321663730861241
  0.00339757695339133  0.00358677264524736  0.00379284581225412  0.00401987425369177
  0.00430975483803028  0.00463621793632324  0.00503018905344151  0.00553046316486743
  0.00613987743887785  0.00669672863905452  0.00744318732708675  0.00814880400883874
  0.00898742111927635  0.00990160675211190  0.01211180460107227  0.01367564005360284
  0.01478870831566374  0.01604040955410148  0.01743036989011702  0.01819159357757412
  0.02822038755421202  0.06693717634814407  0.12047091006224442  1.00000000000000000
 -0.00447631014539210  0.02018075954038103  0.04043937487578242  0.05988850128418012
  0.07818478217785500  0.09509316388960173  0.11130634508967331  0.12762625343620659
  0.14377866972004791  0.16114879099272980  0.17875542284340529  0.19617660924789182
  0.21284545960621520  0.22736546815778044  0.24107368154436454  0.25439231391560241
  0.26757652699578510  0.28101866172048540  0.29460865452654489  0.30698543489758456
  0.31904633179389486  0.33095689440666365  0.34295623119285989  0.35525463843996291
  0.36733405652148909  0.37885520820055141  0.39012620802443981  0.40198151759267559
  0.41387361702370745  0.42554162570964466  0.43691844286543347  0.44834093165781724
  0.45915040992698181  0.46922957174446722  0.47922068165090337  0.48972794974773054
  0.50061530576163393  0.51159205418320508  0.52263575222962944  0.53375595978855250
  0.54474442054094663  0.55528251887188740  0.56526933870382878  0.57334981075677593
  0.58186222262101950  0.59018471668463146  0.59813950621780920  0.60591188257446593
  0.61353659091056112  0.62116247737665908  0.62937429491385677  0.63825656913709339
  0.64736454194140203  0.65617471953450912  0.66469449568696204  0.67329364876632969
  0.68184423535543726  0.69066435691014616  0.69961382269220740  0.70895562771628595
  0.71849325483474591  0.72780640533872054  0.73669896302898619  0.74523225067900178
  0.75351723335225829  0.76160286988523518  0.76955205093881585  0.77752570417721811
  0.78523774981435002  0.79312375920776379  0.80094457687375553  0.80901475829586311
  0.81759849494531034  0.82669071647117687  0.83565515910044796  0.84388376093913686
  0.85165716920573220  0.85960486516993395  0.86787468964553904  0.87636608412252193
  0.88479090721185660  0.89275772000102405  0.90042739355603485  0.90809160479818107
  0.91601197424266145  0.92345907375697855  0.93078703319868550  0.93827233962994594
  0.94592718472008985  0.95335441372139318  0.96054836550666589  0.96778453653888941
  0.97506920268055941  0.98229809572187232  0.99055535249186388  1.00000000000000000
 -0.00176359876218495  0.00767019332574844  0.01650355424055211  0.02503594457939616
  0.03392507649024588  0.04380098900964245  0.05427751382377262  0.06400731772095324
  0.07377155789069045  0.08372581644705440  0.09543316510448678  0.10577774809527718
  0.11628940989260377  0.12683453825033481  0.13765075067860968  0.14858785811678787
  0.15996045335103551  0.16978526675601874  0.17908834649391880  0.18849053936929505
  0.19825709524827609  0.20781552023627314  0.21737477699242841  0.22669371518336948
  0.23706865944860164  0.24757171984713491  0.25808205684529389  0.26909294204353662
  0.28056632636177348  0.29182969765706479  0.30292072197306275  0.31416717915488152
  0.32534338949740721  0.33591851700063124  0.34563554599442109  0.35574287968926349
  0.36606860595077306  0.37635288422183955  0.38628876048437522  0.39657668281181918
  0.40809354508604023  0.41992818019041550  0.43107311620698768  0.44166880336178632
  0.45195323378192925  0.46207345289125468  0.47246375899119120  0.48305442433641999
  0.49399084285609296  0.50502060469097299  0.51600233155852293  0.52634660126384381
  0.53646467053684654  0.54707379291693092  0.55763799060586661  0.56761580345846596
  0.57713372194525370  0.58678953599031414  0.59667472220109530  0.60684065023705369
  0.61774263512373773  0.62876161994270396  0.63949552789052300  0.65010653991299838
  0.66013077784520591  0.67023675278169759  0.68066610978198017  0.69207022944802443
  0.70402432715252194  0.71504939992824323  0.72579544433016929  0.73743267145099634
  0.74933355653478884  0.76037630616454610  0.77062443767237354  0.78065308913648446
  0.79126870541172611  0.80247853787297929  0.81447409394501757  0.82574384720167882
  0.83665593810325467  0.84777561902430765  0.85867841255745303  0.86968798101422129
  0.88068638935979260  0.89173391698410609  0.90287929312901560  0.91321930297136900
  0.92347006620175731  0.93320727264840353  0.94354448671740276  0.95409406327404256
  0.96460707195717221  0.97527199232687201  0.98692995473441869  1.00000000000000000
 -0.00253428709277916  0.01060462491706832  0.02202826812533643  0.03270698960131100
  0.04414068659713195  0.05467682216889533  0.06521006525669726  0.07583303650842498
  0.08595381742281717  0.09609008796660883  0.10580313134931850  0.11622950634465805
  0.12695675815026261  0.13764182918236950  0.14798775583324270  0.15873178985308337
  0.16927287759429271  0.17911099434666922  0.18911527960180413  0.19889982722939353
  0.20921679791777772  0.21928696628302963  0.22967299385453574  0.23985473528944534
  0.25008163572007691  0.26041352862502182  0.27091678574658706  0.28168117053060904
  0.29342139642213866  0.30625346585819968  0.31915139590507885  0.33141553212079589
  0.34300629352355866  0.35413855903109215  0.36478278677192300  0.37509974786787542
  0.38532027646231931  0.39591153108806248  0.40656916730922793  0.41633227354587460
  0.42525019290015931  0.43420338455874607  0.44378198488611853  0.45389712017283629
  0.46422523210080824  0.47483400954378047  0.48587399382689450  0.49777785377943484
  0.50961670990134245  0.52131275377266773  0.53245799117785142  0.54390593057106396
  0.55608404423812763  0.56776394219351611  0.57896826842536753  0.59033893998565590
  0.60213799971476301  0.61397900656708326  0.62493610752838125  0.63550750834583347
  0.64543599465912960  0.65561155792859593  0.66607168880437528  0.67582912960759489
  0.68624028312688468  0.69678857593699250  0.70715131323314784  0.71728468378463150
  0.72785000690166468  0.73895582127982562  0.75020658107684179  0.76111172247431158
  0.77172776016186584  0.78194517043051537  0.79214681689919231  0.80286283560352478
  0.81315425942147712  0.82283307338184664  0.83144893859922331  0.84062368418603550
  0.84986840208121439  0.85953170933712630  0.86929530269606714  0.87878601522599520
  0.88853489432787269  0.89773692452027964  0.90787453897941761  0.91837643216919462
  0.92843309169412336  0.93836382170101074  0.94815407345859948  0.95768557202360849
  0.96736746876585367  0.97709317502307114  0.98819806608185468  1.00000000000000000
  0.00780212402530190  0.10270941532048312  0.15146534953923366  0.18700662062482085
  0.21616282070606180  0.24045687826801965  0.25987171522236341  0.27658456367922019
  0.29314059331617048  0.30915046364366566  0.32380944115079502  0.33720106909152231
  0.35052628906581779  0.36464018773520562  0.37829479786894360  0.39094987550327526
  0.40271259641772372  0.41404387493149031  0.42532998860717053  0.43638149447946994
  0.44718624252296374  0.45773652044829577  0.46781783327755111  0.47744386820880819
  0.48678358700406599  0.49597549166356159  0.50478314810376812  0.51284244220078279
  0.52068450600966920  0.52841121654168366  0.53611339078356657  0.54370130990100585
  0.55101074211856971  0.55820817814089096  0.56544397055967810  0.57290098224492880
  0.58053641203532136  0.58777540442661258  0.59515039428361605  0.60243983307758464
  0.60931153615672817  0.61552480213878313  0.62141351153733948  0.62714952699102511
  0.63295484748332087  0.63893703637545185  0.64494571403965895  0.65090161395267221
  0.65672104264172226  0.66265499169227438  0.66851742498651057  0.67438227646549487
  0.68002299053867554  0.68560120111894074  0.69146921528625105  0.69759685101473667
  0.70378055742136214  0.71023507445157419  0.71691679563926081  0.72337382055825383
  0.72950074518156782  0.73542900241801534  0.74118779412252200  0.74697395993308335
  0.75292842070009647  0.75884294906292360  0.76493714740263596  0.77104398470318125
  0.77694204485862828  0.78295947262916588  0.78904976645199720  0.79509039770633227
  0.80103663830142524  0.80686197826368455  0.81256211500722186  0.81811366692610610
  0.82387920194617759  0.82978377309472628  0.83563201530941533  0.84152149927626285
  0.84742239012098575  0.85348529692128638  0.85981171269125056  0.86606302428707238
  0.87239392570562480  0.87909958908487529  0.88637682611396462  0.89456670911184410
  0.90396793369669082  0.91403881495334760  0.92381564105844827  0.93327256220145460
  0.94343783060680542  0.95568773863252698  0.97384188127574267  1.00000000000000000
 -0.01917018152041272  0.11222582840157939  0.15497139768196191  0.17869491547611302
  0.19696902677061673  0.21222840077553798  0.22586559442147899  0.23830944687552080
  0.25002779482922127  0.26158503977829112  0.27276775569586070  0.28305015272074380
  0.29237012035626259  0.30082242975136092  0.30902783701761571  0.31722531522072633
  0.32569906348661870  0.33339230673227049  0.34093730794461258  0.34779256147269355
  0.35458133646512846  0.36110442282774763  0.36734736962780756  0.37347681941469268
  0.37929346960546828  0.38456318920887667  0.39006994928010680  0.39561418650005198
  0.40108831090505953  0.40657753521958673  0.41210755198556298  0.41749547311723306
  0.42299401856086050  0.42860408313772036  0.43413718098717208  0.43938802525184933
  0.44443825107065443  0.44924845408725583  0.45400531866608701  0.45864012740455357
  0.46326811258320671  0.46801270674920392  0.47278575704181541  0.47749122425918883
  0.48210861731380034  0.48660676581652068  0.49105954699381671  0.49556826172475943
  0.50016703568071064  0.50499149902311491  0.50987544112918348  0.51456048139107258
  0.51933741658133270  0.52455079429192786  0.52980711088926824  0.53507083281080425
  0.54046642303601455  0.54603259973410156  0.55169852869426117  0.55738115050577375
  0.56313850141195110  0.56884452388773910  0.57433242100420645  0.57966649373856194
  0.58494386383293584  0.59015418797739638  0.59531190013975976  0.60053679886228306
  0.60599571753265913  0.61173149198869703  0.61761614527980258  0.62355160017454225
  0.62942511246169441  0.63551994060468997  0.64163474732290982  0.64760757370422972
  0.65367991788437152  0.65966167170234369  0.66603234002662215  0.67271231916258833
  0.67963468314770670  0.68697643938324759  0.69496269926925081  0.70304570530624400
  0.71113564399288631  0.71996941731561515  0.72975222120918581  0.74122693583666621
  0.75322829776004341  0.76581262101626901  0.77968000044937147  0.79595216763306320
  0.81732506624281298  0.84438546885579968  0.88075041923140585  1.00000000000000000
   2.8365532009562688E-004  -1.0000000000000000     
 T T T T T T T T T T T T T T T T T T T T T T T T T T T T T T T T F F F F F F F F F F F F F F F F F F F F F F F F F F F F F F F F
  <DiscreteSampler_grid>
  grouped_processes
  1 # 1 for a reference and 2 for a running grid.
  10 # Attribute 'min_bin_probing_points' of the grid.
  1 # Attribute 'grid_mode' of the grid. 1=='default',2=='initialization'
  0.0000000000000000 # Attribute 'small_contrib_threshold' of the grid.
  0.5000000000000000 # Attribute 'damping_power' of the grid.
 # binID   n_entries weight   weight_sqr   abs_weight
    10   10   1.286846456256875E+005   6.342311597483309E+010   1.286846456256875E+005
    16   10   1.286846456256875E+005   6.342311597483305E+010   1.286846456256875E+005
  </DiscreteSampler_grid>
