  0.00018128083053269  0.00018271337168938  0.00018373893823971  0.00018473011510653
  0.00018576924094945  0.00018677750208534  0.00018771560480680  0.00018861494617752
  0.00018950355032000  0.00019038785354758  0.00019126967936154  0.00019216434264588
  0.00019305196581443  0.00019395495983917  0.00019488649348232  0.00019585460489524
  0.00019685204704192  0.00019786061900446  0.00019886663698506  0.00019988935475304
  0.00020094895938574  0.00020201680533460  0.00020312055402786  0.00020426038456228
  0.00020542574559264  0.00020661320932157  0.00020782672561393  0.00020905268729772
  0.00021033877407803  0.00021167468881417  0.00021303799463603  0.00021445159661041
  0.00021595736997820  0.00021758525449710  0.00021933654979500  0.00022115338051865
  0.00022297682820312  0.00022484824986853  0.00022678297922660  0.00022880246178883
  0.00023094250086713  0.00023322081353399  0.00023559035549271  0.00023801464992427
  0.00024054842518159  0.00024325182764921  0.00024614584709076  0.00024918595913802
  0.00025233475328885  0.00025567385516192  0.00025917743087744  0.00026284709698444
  0.00026677968621112  0.00027105799173315  0.00027568125733664  0.00028056821248204
  0.00028570349254324  0.00029125857112476  0.00029744129100561  0.00030421966279430
  0.00031147472191072  0.00031929775121401  0.00032769422696113  0.00033674308725696
  0.00034649595880926  0.00035727737578270  0.00036923523748671  0.00038193973215900
  0.00039546679093677  0.00041056447354775  0.00042751136830273  0.00044709435150966
  0.00046919249565741  0.00049383587406685  0.00052132028714555  0.00055239798202002
  0.00058850727850124  0.00063042054976262  0.00067873235787646  0.00073477492831976
  0.00079989790664369  0.00087575854764981  0.00096611690181961  0.00108130651122148
  0.00121525767480395  0.00137354685547534  0.00156409866252710  0.00181891423562381
  0.00215988487615925  0.00260348154571293  0.00320666339515314  0.00413748662732253
  0.00554800705286846  0.00773619713779016  0.14553788922601743  1.00000000000000000
  0.00000582573927188  0.00001245926643171  0.00001663452261963  0.00002059398970722
  0.00002462217128470  0.00002858774187917  0.00003277438837236  0.00003770245412859
  0.00004267864992216  0.00004770572191882  0.00005292677646125  0.00005843197221394
  0.00006431066101567  0.00007065007370908  0.00007751061859923  0.00008486286167974
  0.00009264502765011  0.00010085948834821  0.00010945720822991  0.00011844137118835
  0.00012804247982864  0.00013812366398860  0.00014902294621848  0.00016059424901352
  0.00017286438536518  0.00018606704500246  0.00020042133976200  0.00021595851962849
  0.00023259746223299  0.00025030223390176  0.00026918310656759  0.00028944256605511
  0.00031132201230194  0.00033485533970650  0.00036041568585491  0.00038716879270169
  0.00041445456267865  0.00044294601935830  0.00047273446536291  0.00050367143965485
  0.00053574511395892  0.00056983287835553  0.00060596807182145  0.00064403674476139
  0.00068310361237141  0.00072282167933059  0.00076301262348417  0.00080488031437775
  0.00084935070780250  0.00089778256592752  0.00094795572097512  0.00099971865107506
  0.00105330826371476  0.00110944309879709  0.00117043627916079  0.00123591109510697
  0.00130435015995574  0.00137454767735014  0.00144577901407232  0.00152376531541559
  0.00160742643433663  0.00169334703072069  0.00178356355642374  0.00187978416889316
  0.00198402008487506  0.00209689692883545  0.00222745697949680  0.00237692269012581
  0.00253122563993958  0.00268884423389325  0.00285816589673372  0.00305518003337650
  0.00329491123503496  0.00355470569955540  0.00377790702039079  0.00399248755468487
  0.00421537112819472  0.00448540389007286  0.00477670312223736  0.00507869044420534
  0.00540278144784835  0.00584053094380035  0.00633782646788645  0.00692473406602724
  0.00761934503317198  0.00842655342755361  0.00928013391109056  0.01009441639535981
  0.01105593395932519  0.01287686737097869  0.01545686720418840  0.01839071278727959
  0.02268898583621399  0.16685672908512736  0.35788451820035705  1.00000000000000000
 -0.00154705851412899  0.00594086016858082  0.01314229106849916  0.02008519555153710
  0.02733138633995362  0.03477051005375521  0.04245692067426164  0.05012323935833508
  0.05758039923125043  0.06483243000613408  0.07203337188005977  0.07918846280674348
  0.08619017137807487  0.09301764245505255  0.09981574196416657  0.10669833706576880
  0.11367834181011385  0.12075125206713413  0.12792619459769214  0.13510746999783230
  0.14219211497011747  0.14923771362915969  0.15636246486038288  0.16375687259442573
  0.17141695863333847  0.17929273452764236  0.18715623204458881  0.19513412988651163
  0.20314364414137326  0.21100898664469320  0.21895901735179910  0.22656440508138564
  0.23397842547597805  0.24147225068527078  0.24909621412952493  0.25686793591736595
  0.26450581300493498  0.27208213962986072  0.27964857134597676  0.28713923794564367
  0.29476694827483935  0.30252442105222149  0.31071222082070005  0.31912584815744177
  0.32748795268527270  0.33572915263797004  0.34391097122684594  0.35222621849249180
  0.36080986312115432  0.36963583791136662  0.37850931474919552  0.38738917931981465
  0.39634723546714629  0.40544218510061841  0.41468290574686983  0.42402215778612856
  0.43338534554691588  0.44288996318253021  0.45261733701945733  0.46248617848084184
  0.47247774300673506  0.48269951806941891  0.49324378110895833  0.50405041912179571
  0.51485213366798022  0.52546865870032333  0.53612121034311366  0.54721212779495498
  0.55900442630567948  0.57122026743411303  0.58334280611593492  0.59531059370097983
  0.60746413013793210  0.62000759655873983  0.63234629849994672  0.64490454253262908
  0.65801068837294019  0.67133215485525854  0.68465732201046769  0.69856313244167334
  0.71329520030742211  0.72827517067469005  0.74348434037145050  0.75959625338466452
  0.77744631979813050  0.79534004095084410  0.81354957856479082  0.83254335690947923
  0.85220346875815511  0.87225791511608641  0.89321405366328455  0.91480866468009059
  0.93592361963472526  0.95654534532147883  0.97809300834512491  1.00000000000000000
 -0.00254180826983229  0.00991024586793104  0.02008101810372622  0.03086530211614096
  0.04118031028054502  0.05135572674561227  0.06144643297784681  0.07141228699913804
  0.08165488475727686  0.09188761662803099  0.10245910521740050  0.11287832387747794
  0.12399389763790102  0.13424536191712722  0.14440211901012376  0.15429330473021446
  0.16414654579306862  0.17435351043094649  0.18432340693495447  0.19468494612517606
  0.20525430860442656  0.21576123842085190  0.22607728233727564  0.23594179654514885
  0.24569490183576234  0.25570005223510933  0.26607625407965990  0.27671756342764514
  0.28741556082410163  0.29828546100965131  0.30892850661549787  0.31938026812802262
  0.32951492407139032  0.33971726511347949  0.35026949722675887  0.36092852615099841
  0.37145665914305021  0.38152348929028906  0.39153159634214779  0.40180921600704866
  0.41203056714754083  0.42204250408135524  0.43202972729593686  0.44208765601293698
  0.45210101206755582  0.46209103435706395  0.47242199172543581  0.48291844682381080
  0.49357953604852683  0.50436420171458962  0.51537284190988020  0.52640019920783954
  0.53706038088054942  0.54748068255850890  0.55794426456018298  0.56866418388027329
  0.57945417202166216  0.58988201671880958  0.60013398574313603  0.61030267754923750
  0.62033603195268638  0.63039067083391953  0.64098941949835653  0.65217675535097042
  0.66353803320510218  0.67497653187915896  0.68621749722794845  0.69769537047039232
  0.70887712205460951  0.71987867819704643  0.73052157720845767  0.74144429611625828
  0.75233712936572084  0.76321734431168309  0.77374111892631614  0.78461520715662658
  0.79518885933503547  0.80556762177846708  0.81609545349455059  0.82695944206444494
  0.83804501397149067  0.84949895765788541  0.86078311864114954  0.87211598264841972
  0.88282810920505228  0.89349818376083201  0.90385702468567497  0.91402494698756831
  0.92502225693530582  0.93584758708663185  0.94659244022343092  0.95725987155148473
  0.96797421296194697  0.97857599674876028  0.98928682847807026  1.00000000000000000
 -0.00251388996531978  0.00976066273630942  0.02058298779722114  0.03020074267539293
  0.04010134249822353  0.05034609806496140  0.06090830424174284  0.07068652320893165
  0.08007992153155452  0.08986921590151048  0.10036985678100686  0.11062312086843978
  0.12098646234441578  0.13163868235532977  0.14287676374214539  0.15403350866089349
  0.16484941225429128  0.17521605196065210  0.18583417804944544  0.19646099070743353
  0.20737613270504140  0.21832196727961944  0.22871271623872910  0.23928806352958026
  0.24970855933206579  0.26079532253236376  0.27154989916510014  0.28226287921250093
  0.29266340050550976  0.30327718046278773  0.31398664436442592  0.32496185004933231
  0.33547442361990287  0.34611451001409688  0.35666482222903267  0.36752016298382356
  0.37870515982763903  0.39002797402147565  0.40147733270799418  0.41279528699080870
  0.42395400259345511  0.43486277494983394  0.44556141207669442  0.45620506353490436
  0.46695925854311832  0.47762378129589234  0.48834991328985844  0.49896297474806606
  0.50970200021775813  0.52051417611921713  0.53164895738267581  0.54319839041019369
  0.55474332763731460  0.56598585492591857  0.57690001207110497  0.58815468329802800
  0.59949037113748049  0.61015553231357378  0.62036508865462359  0.63039275680033413
  0.64049003830099793  0.65069509856455432  0.66094024708203158  0.67134925028937631
  0.68155806669367403  0.69181140842532562  0.70235753043709315  0.71274602726925695
  0.72299265450702865  0.73343464484654108  0.74398420315627101  0.75433538056482563
  0.76431665188883025  0.77436103056751815  0.78517807003314544  0.79603921658503785
  0.80654227014269242  0.81651332559071055  0.82644289939768600  0.83633913900317203
  0.84610567462338326  0.85627442844113333  0.86635284812627678  0.87705660413705755
  0.88749454189350252  0.89782997646353757  0.90849522230649893  0.91917267821507143
  0.93018373856506620  0.94072909402447935  0.95080224551800308  0.96044693881065157
  0.97004127342320901  0.97967371908508827  0.98995556445477517  1.00000000000000000
 -0.01711274819758573  0.12758798155036391  0.18780464878402317  0.22655082431872459
  0.25493129850495777  0.27985913678287927  0.30340096540480488  0.32396861521613457
  0.34095364254873683  0.35620397888727978  0.37055518753452582  0.38440117697269888
  0.39723399285385586  0.40930558870388462  0.42070960537953395  0.43192955379786302
  0.44275416504122805  0.45296443305104500  0.46256105375018025  0.47191766707769378
  0.48119159278560564  0.49032291597332933  0.49935699849565801  0.50819122087184088
  0.51658130282450920  0.52448719497163521  0.53203456839090602  0.53944469429669206
  0.54679571458028398  0.55409682946092487  0.56126046566984278  0.56828221149189129
  0.57513047648579008  0.58217256870903600  0.58908435180003182  0.59572057060406214
  0.60212810888522450  0.60853191129004025  0.61506993270235932  0.62168039719080948
  0.62820462064144900  0.63455718205727751  0.64079174237077152  0.64694873850142842
  0.65315594359288620  0.65933829714933478  0.66554246047569909  0.67175710692620361
  0.67800354737597623  0.68405244706525847  0.68988987715321548  0.69558151823162229
  0.70113775201976913  0.70660450559779475  0.71198314829949372  0.71740756319475563
  0.72282208558849037  0.72831725666254787  0.73386749150978114  0.73945366842883242
  0.74510499331430724  0.75082510702918315  0.75656487307765374  0.76227109504765778
  0.76793249853258305  0.77351770313801460  0.77904047322606140  0.78458189081584107
  0.79002125156326219  0.79546446369903923  0.80080235254589549  0.80619525362091005
  0.81162549854582378  0.81702630957178257  0.82238456784092739  0.82772998014977361
  0.83324249382487170  0.83871849088514827  0.84415884708074385  0.84952817901951450
  0.85493111376689634  0.86060079300090120  0.86632704988350706  0.87223145061256990
  0.87834682042757273  0.88474684969506101  0.89139296118522859  0.89832467390988346
  0.90542205029520284  0.91259114142497710  0.92004979423704036  0.92831910333370748
  0.93791048048672010  0.94930372921757178  0.96688160958412084  1.00000000000000000
 -0.03171330115846104  0.14115190277703751  0.18123332476490001  0.20490328781477382
  0.22292753857255865  0.23825198471010969  0.25187452503694185  0.26388406099540562
  0.27462316732245468  0.28462196866089251  0.29371192265518958  0.30217537713347559
  0.31014511304914183  0.31782923248899003  0.32514872169953307  0.33208854179763830
  0.33880486793633763  0.34536683245761390  0.35194870733615224  0.35848314472733961
  0.36486575914631902  0.37108295381957845  0.37712056965500235  0.38295598197853725
  0.38860944979184187  0.39410902410845200  0.39928102602206728  0.40426538542694673
  0.40925586515378309  0.41430658057794295  0.41938502979902154  0.42435287380682024
  0.42911238661129852  0.43385286585786659  0.43862209036694699  0.44343543752445980
  0.44826573684372256  0.45306909753553426  0.45788152914370928  0.46261616854104942
  0.46732673642823996  0.47208313875574670  0.47683372565445092  0.48155465625678556
  0.48620862823800381  0.49073162411478843  0.49519062903939459  0.49968079268315180
  0.50408904559663659  0.50845815649623871  0.51285624559631449  0.51723369314738132
  0.52171596136487797  0.52613528974183377  0.53060800710716127  0.53513056260522562
  0.53978394794631313  0.54457098614293642  0.54937539656488787  0.55417987629083465
  0.55897239696488743  0.56372474021848518  0.56843947104785253  0.57319778827174594
  0.57813131861653844  0.58312177526646025  0.58804305647859167  0.59289354295951324
  0.59779147069086513  0.60297217777918266  0.60841753439266610  0.61398225877360380
  0.61944251596078026  0.62496402492566183  0.63084433292511555  0.63693079878182068
  0.64319207128574185  0.64966246817490003  0.65613704319633115  0.66265822853656442
  0.66938676046854528  0.67649975996821832  0.68400743453332902  0.69199162033139539
  0.70036043906506462  0.70896299725581935  0.71786253268676103  0.72754242446313555
  0.73825946783925345  0.75014996143606238  0.76335225786958949  0.77899710343094564
  0.79820849692736295  0.82205214051314213  0.86045938673880940  1.00000000000000000
   7.0337688949244050E-005  -1.0000000000000000     
 T T T T T T T T T T T T T T T T T T T T T T T T T T T T T T T T F F F F F F F F F F F F F F F F F F F F F F F F F F F F F F F F
  <DiscreteSampler_grid>
  grouped_processes
  1 # 1 for a reference and 2 for a running grid.
  10 # Attribute 'min_bin_probing_points' of the grid.
  1 # Attribute 'grid_mode' of the grid. 1=='default',2=='initialization'
  0.0000000000000000 # Attribute 'small_contrib_threshold' of the grid.
  0.5000000000000000 # Attribute 'damping_power' of the grid.
 # binID   n_entries weight   weight_sqr   abs_weight
    10   10   5.037978616617872E+004   9.873672081618231E+009   5.037978616617872E+004
    16   10   5.037978616617872E+004   9.873672081618229E+009   5.037978616617872E+004
  </DiscreteSampler_grid>
