  0.00017783315516097  0.00018012412487473  0.00018157697877455  0.00018262833689999
  0.00018355867982535  0.00018444436810174  0.00018530831578514  0.00018615204872188
  0.00018692970033177  0.00018768388299080  0.00018842633426792  0.00018915644258538
  0.00018985776279476  0.00019055152100878  0.00019123715954330  0.00019193880261817
  0.00019264215970201  0.00019333378257117  0.00019400538794394  0.00019470631637789
  0.00019542829161415  0.00019616362601119  0.00019690735417783  0.00019766059517396
  0.00019843227828097  0.00019923429225994  0.00020006646539554  0.00020092560665480
  0.00020181057539592  0.00020271148313254  0.00020362056970977  0.00020454838848546
  0.00020550186915765  0.00020647607362452  0.00020747949659942  0.00020850601754480
  0.00020954262804117  0.00021061291865791  0.00021171786884436  0.00021286323579426
  0.00021407769763622  0.00021537608617348  0.00021677498443193  0.00021823622694850
  0.00021977331083113  0.00022141629416482  0.00022310319461314  0.00022485812475577
  0.00022670275775354  0.00022862240155573  0.00023062297177033  0.00023267151122729
  0.00023479644055984  0.00023704474194592  0.00023957424898080  0.00024227494465629
  0.00024512940932335  0.00024814743587295  0.00025134843941323  0.00025476866047149
  0.00025840194909935  0.00026225776142340  0.00026640524385442  0.00027087991537219
  0.00027569272566788  0.00028086388709482  0.00028646690523057  0.00029262342815827
  0.00029942297164085  0.00030686954812856  0.00031493828656095  0.00032392562492971
  0.00033411401114829  0.00034541312277493  0.00035806946344697  0.00037238145183071
  0.00038859521500115  0.00040712193448651  0.00042805271557202  0.00045216629007198
  0.00048023637984125  0.00051403276599078  0.00055371777791479  0.00060269475253407
  0.00066246161655924  0.00073668037733446  0.00083356454303457  0.00096038607030374
  0.00113018672934803  0.00137368249864506  0.00174822370839853  0.00241049673766460
  0.00365446210256610  0.00746363838111131  0.31004377564027391  1.00000000000000000
 -0.00070694410171550  0.00473434901451985  0.01116830491351568  0.01889885301662344
  0.02724635404815155  0.03603180675666637  0.04528189116638023  0.05518191832614120
  0.06515545261766234  0.07510971322471603  0.08520485599260769  0.09511878061937711
  0.10483375651561568  0.11466612669720620  0.12482831900376029  0.13524872104703461
  0.14604303806098795  0.15662596014079849  0.16692241972976288  0.17715677307870431
  0.18775626478678337  0.19852790315232008  0.20902558350562814  0.21906257082907168
  0.22909864600816260  0.23905019788784729  0.24894128200883253  0.25892815846108291
  0.26930587038091847  0.27980938141194922  0.29020420984891443  0.30038962990054163
  0.31071163633731341  0.32078698691214075  0.33081544580393613  0.34065633972711434
  0.35033998395294924  0.36000314590830318  0.36999001304442686  0.37994867195513293
  0.38986974978710620  0.39963079606718155  0.40952796631050331  0.41931237405028371
  0.42890496978855880  0.43835029279761195  0.44783168880618818  0.45709168455653770
  0.46632441802660396  0.47554608813421800  0.48492313809603860  0.49449650933666700
  0.50409079701520498  0.51357407030654634  0.52286699563210770  0.53216938235411926
  0.54163818578759826  0.55123011463706773  0.56123453510824262  0.57141073595862357
  0.58137007909562077  0.59129691883599311  0.60139618910442394  0.61169857117510051
  0.62205463802403993  0.63227558375511328  0.64249827084904820  0.65293782100268594
  0.66353254279049534  0.67420007258596992  0.68490511630941520  0.69560369356260632
  0.70637763453140989  0.71733756409141602  0.72843414379438332  0.73962755373749711
  0.75093506547132061  0.76236382973725980  0.77385690448340005  0.78574206664082180
  0.79847442690113168  0.81107998956241789  0.82374115394930514  0.83634832781244184
  0.84904173165533481  0.86190847538359094  0.87503097766441729  0.88845793778912108
  0.90200164278535611  0.91553381446470039  0.92920734748225164  0.94311507544850626
  0.95730483737163807  0.97162818174021293  0.98585842319019723  1.00000000000000000
 -0.00237205759350684  0.00934574562606493  0.01987442015909245  0.03004195888309508
  0.04016163730858216  0.05013136939789186  0.05998910169733784  0.07007971701955328
  0.08041008926890982  0.09068417699582898  0.10079291895053170  0.11070273737509626
  0.12097026235059150  0.13194210599972223  0.14258007827958066  0.15295185261381336
  0.16320152698916696  0.17395618721871023  0.18492664998547942  0.19581523822301999
  0.20661671899389134  0.21770338648180812  0.22894130060445711  0.24028014522905503
  0.25112151742582273  0.26194626778437102  0.27257818484988017  0.28321162738579653
  0.29400822751727956  0.30454692915571474  0.31505467407921806  0.32554619507039972
  0.33634807856647131  0.34718640314773663  0.35782501938927930  0.36823258362242528
  0.37925384142209201  0.38967435448819604  0.39999989573849332  0.41031186177141810
  0.42098033360667286  0.43199293100522512  0.44284407512637697  0.45372678156110607
  0.46438221338593011  0.47489509415962272  0.48527095654907476  0.49575616535560008
  0.50658614067472418  0.51773234463565709  0.52875953820081445  0.53954903047563518
  0.55026257742549722  0.56098414867160917  0.57157207270249077  0.58224674668373366
  0.59292646400795301  0.60366871814888934  0.61432520322406048  0.62502003883302104
  0.63573317432757448  0.64658898511364293  0.65722998465855798  0.66762817631143612
  0.67781195605566624  0.68810650606971868  0.69902820032126756  0.70955436129219407
  0.72003487582680881  0.73021330646974592  0.73978519246510843  0.74914108422922288
  0.75839886433808323  0.76783855077387331  0.77759597913985379  0.78735688970501405
  0.79734205489218235  0.80804224691842141  0.81912854707687255  0.83079989710883961
  0.84196920940781839  0.85266293487965406  0.86338009826434503  0.87393012297154871
  0.88425361520468582  0.89420741926432445  0.90482602979544657  0.91562775641796756
  0.92651889824861355  0.93753811140339705  0.94829137927780838  0.95815697219763174
  0.96870740912684550  0.97911653457916947  0.98978982997051357  1.00000000000000000
 -0.00270708647612037  0.01121220083601722  0.02232282293485904  0.03412750929949747
  0.04610597068776594  0.05811362961695811  0.06949488644198326  0.08039788610009529
  0.09133504005272264  0.10229930423756704  0.11300524813848371  0.12361437999552112
  0.13419529475412001  0.14479237915535745  0.15531392880158784  0.16563971128171748
  0.17558681316440777  0.18544282847017818  0.19533149378096978  0.20504419111033120
  0.21453624538660490  0.22400622544714854  0.23393010159988983  0.24429646921985976
  0.25467005422408312  0.26488189048806338  0.27492286200188287  0.28480365620435655
  0.29470885195412988  0.30469091738373644  0.31455429613584784  0.32415513143163660
  0.33359635257174020  0.34312960623569638  0.35278295962194933  0.36220639677488181
  0.37140212830878000  0.38064133763502478  0.38996888824911663  0.39937569617527369
  0.40914095468762024  0.41931311196078930  0.42964047955932166  0.43965183712476391
  0.44927791978804649  0.45885833781375607  0.46845270536880879  0.47796728562508556
  0.48728524570656107  0.49681880679204271  0.50695338304268012  0.51747589060851007
  0.52795532523844424  0.53822783121038498  0.54834474796959354  0.55830055090062936
  0.56810154710509098  0.57791463232979889  0.58778169139048764  0.59757688526267572
  0.60740278697127614  0.61737623429970678  0.62748425519337903  0.63759684537701855
  0.64766653949793440  0.65769859683305232  0.66778684742427696  0.67807749125908900
  0.68858014899464937  0.69904883841038579  0.70949309143048445  0.72000955292795610
  0.73084111537664287  0.74194266641305606  0.75323179449407685  0.76420777683657481
  0.77496760194621206  0.78582427493142448  0.79672450254450256  0.80779457569380608
  0.81883977980946032  0.83008369824315886  0.84189421091472083  0.85394557589838971
  0.86593816203865248  0.87785567641408258  0.88974877992037515  0.90145732198092676
  0.91294494989298358  0.92464276711086635  0.93638335866200917  0.94811347783774513
  0.95997557622003538  0.97332808276548521  0.98665690605484635  1.00000000000000000
 -0.00253579941787273  0.00957243370368632  0.02044003055039670  0.03076994376966318
  0.04108006763238837  0.05102299995192390  0.06095980138119632  0.07077470767835436
  0.08098591537424941  0.09177927344679040  0.10263198378624255  0.11311759890660042
  0.12359147501447937  0.13418663834682817  0.14512714751627603  0.15596013062439601
  0.16680261783894534  0.17716864564369592  0.18741761718586752  0.19773276595937694
  0.20804491573857070  0.21847853968532840  0.22877160431929175  0.23904449064973229
  0.24917456193820814  0.25999267999443149  0.27055062128719876  0.28155561308396809
  0.29261246010180425  0.30398350030463789  0.31535402965652082  0.32656264511450622
  0.33729215192201861  0.34787548575821670  0.35785462173470001  0.36781922271199180
  0.37808341911578569  0.38839341661545085  0.39841560128822290  0.40843436519642967
  0.41841007893966459  0.42881100736077854  0.43941722036856334  0.45044124401566238
  0.46179637253704681  0.47292070084091076  0.48368528952994116  0.49403347917371265
  0.50439530789804532  0.51473962243391302  0.52501714568198143  0.53500108391065881
  0.54561922031295729  0.55681349584641127  0.56764673963232892  0.57831247947234199
  0.58933938159779697  0.60078375031126974  0.61184488549297766  0.62263994288955293
  0.63296605613869916  0.64311044716728805  0.65304692241097217  0.66283367982472563
  0.67287821541865933  0.68309158428063932  0.69428819039271694  0.70593578018939074
  0.71706823332832137  0.72824838582723017  0.73935342876728849  0.75044298556471467
  0.76148530614813026  0.77231085063817184  0.78285479593781804  0.79309241136821307
  0.80326129693440607  0.81356120419820177  0.82393027545728770  0.83425079739005714
  0.84443980163274435  0.85500522008295410  0.86590931886895395  0.87650080087460958
  0.88672574597543963  0.89705880262945725  0.90753311027403061  0.91799449753183959
  0.92832722719620786  0.93904493575336934  0.94905895886283154  0.95892209370186976
  0.96858143751706893  0.97903799401391467  0.98972005427948218  1.00000000000000000
 -0.01983603172673573  0.10986965667907678  0.15410202094392611  0.18441126307571981
  0.20959712623295798  0.23067341769430746  0.24885997901514795  0.26503616047026118
  0.27936923488256904  0.29261509742532399  0.30579504051756867  0.31865906360860913
  0.33090520256060391  0.34249183726325283  0.35318686069276389  0.36325768099208117
  0.37302895734341401  0.38268379709522549  0.39214837737105773  0.40147980479977219
  0.41039460678775613  0.41901207652753875  0.42746340888526085  0.43579450034395784
  0.44413503829780915  0.45236127148811084  0.46037926332198587  0.46813878799022224
  0.47585758035482056  0.48337283639605089  0.49069882963651151  0.49785848173838054
  0.50485420262344394  0.51179190765819493  0.51873682248142561  0.52554536099923199
  0.53226988310361978  0.53910132381413378  0.54588621455331809  0.55267922818740900
  0.55934572702781582  0.56580408220135325  0.57216308797448701  0.57842589861877958
  0.58468415120253669  0.59087366449159284  0.59715893332022307  0.60355028728512816
  0.60987667947500457  0.61607179619938968  0.62211870605399111  0.62815160493888855
  0.63423439303118301  0.64030175194640160  0.64642846465867942  0.65268379131740495
  0.65893136630659688  0.66509703965437239  0.67127007928160531  0.67742222158116339
  0.68350876701549290  0.68953866360998151  0.69550635289620544  0.70147549606593307
  0.70755114783879614  0.71382888532082878  0.72018427251183803  0.72664614188029475
  0.73294487725262514  0.73914763609380352  0.74537932393207895  0.75156951525437965
  0.75777830994482787  0.76401330238954690  0.77038069503187456  0.77689101168960928
  0.78349664953808318  0.79001178899068958  0.79626901663561067  0.80239676352042077
  0.80882291955684138  0.81566665739139455  0.82289516660780848  0.83021865397300021
  0.83766075502424553  0.84514198615107294  0.85296115233362180  0.86130672007222298
  0.87031107868612412  0.87978270947904380  0.88996168908542350  0.90109372217044881
  0.91391742447419255  0.92964060891340761  0.95452712156648689  1.00000000000000000
 -0.03402513233053516  0.14602145663754224  0.18659036250101713  0.20919482475731274
  0.22685767314783664  0.24186214952702689  0.25505798493232157  0.26692791565057133
  0.27753635500991325  0.28712713227299447  0.29607400847128185  0.30460053253179098
  0.31269173906596920  0.32032974971180728  0.32763405843188809  0.33458159811054727
  0.34118775992979566  0.34749503208431581  0.35355850683750861  0.35942093150600751
  0.36519629164078593  0.37097401803466978  0.37655711594917757  0.38185370226103055
  0.38696139546445485  0.39192041653005882  0.39682829821551374  0.40179846235313882
  0.40685312957091063  0.41190121008343877  0.41682015115625065  0.42164628122438830
  0.42648693036712543  0.43130704391078734  0.43608224393109013  0.44095478593372905
  0.44591308843354760  0.45075270918730714  0.45547784164505356  0.46022651075058174
  0.46501170715261120  0.46973677710823269  0.47436269413681470  0.47893062925247520
  0.48344607344752871  0.48795645736843007  0.49252739010255203  0.49727299552236293
  0.50190050529956431  0.50648275480067495  0.51098806814714848  0.51556049161332340
  0.52013548315421909  0.52485389408966132  0.52958111387918683  0.53446797085910058
  0.53938354885721118  0.54424523049442930  0.54908134845012135  0.55396399650892003
  0.55884756704837812  0.56376466667852398  0.56877483519945993  0.57389353771453933
  0.57903688158582933  0.58405770403000934  0.58887571079862866  0.59362499724112583
  0.59848633288969255  0.60339301309679783  0.60834795365727123  0.61346260028291943
  0.61873885289362518  0.62408135035660606  0.62934915334908226  0.63479210589375856
  0.64046080085160573  0.64634762394938428  0.65263038825458342  0.65921257091283303
  0.66596873391424238  0.67288524264749860  0.68000339029622903  0.68744632361202862
  0.69544085292019020  0.70389325950920889  0.71291794137156983  0.72259349779237358
  0.73294357957946366  0.74412874806152485  0.75654167877871459  0.77091883065461397
  0.78870451637266881  0.81270688053059326  0.85297717077983359  1.00000000000000000
   5.8669492240047277E-006  -1.0000000000000000     
 T T T T T T T T T T T T T T T T T T T T T T T T T T T T T T T T F F F F F F F F F F F F F F F F F F F F F F F F F F F F F F F F
  <DiscreteSampler_grid>
  grouped_processes
  1 # 1 for a reference and 2 for a running grid.
  10 # Attribute 'min_bin_probing_points' of the grid.
  1 # Attribute 'grid_mode' of the grid. 1=='default',2=='initialization'
  0.0000000000000000 # Attribute 'small_contrib_threshold' of the grid.
  0.5000000000000000 # Attribute 'damping_power' of the grid.
 # binID   n_entries weight   weight_sqr   abs_weight
    10   10   7.339434630785722E+003   1.767661545560802E+008   7.339434630785722E+003
    16   10   7.339434630785724E+003   1.767661545560802E+008   7.339434630785724E+003
  </DiscreteSampler_grid>
