  0.00068083204822263  0.00078500774418470  0.00086621095748198  0.00093472795023885
  0.00099981570680942  0.00106528609397528  0.00113195668017072  0.00120020312996671
  0.00126803530249520  0.00133624071062638  0.00140439468656934  0.00147328504476831
  0.00154209973765477  0.00161071724244977  0.00168253273178427  0.00175940481302718
  0.00183769484815535  0.00191952512267276  0.00200787878105805  0.00210065643676526
  0.00219614551220464  0.00229384887650376  0.00239194137506997  0.00249243888788419
  0.00259892205817873  0.00270780510908623  0.00281204093876542  0.00291578386717344
  0.00302020835801405  0.00312657315884258  0.00323455310877342  0.00334482780620667
  0.00345503823600881  0.00356461596457395  0.00367146092865692  0.00378148345524226
  0.00390157445861976  0.00402937183722192  0.00415536476483395  0.00428414606596575
  0.00441419497938473  0.00455824451567299  0.00474337412746007  0.00492561485141279
  0.00511075684408539  0.00530580414970672  0.00550600879957512  0.00570660159609309
  0.00589801819956085  0.00607887369425495  0.00626520864371474  0.00646218201771424
  0.00666117733932826  0.00686469208904848  0.00707733664271669  0.00728789939840657
  0.00752834416056093  0.00781912416236455  0.00813394876588670  0.00843184041374868
  0.00873458268005245  0.00903452679687728  0.00935820285714035  0.00972566117660729
  0.01014155318210498  0.01061837587806353  0.01113634449199995  0.01162453265777167
  0.01208760255326295  0.01256692605292492  0.01304810961877164  0.01353422757076078
  0.01407669843785326  0.01467661137558104  0.01538967811391982  0.01623638657553680
  0.01715662938639184  0.01816312483108572  0.01921786072679035  0.02063007524662090
  0.02185089056399638  0.02326475752143548  0.02482176407253229  0.02676487476239848
  0.02964405854646487  0.03259577565651675  0.03461454468148355  0.03674475030242896
  0.03919512489187046  0.04188022459340220  0.04575560121524071  0.05226897751201486
  0.07007080184256925  0.09886234871182470  0.62049937803593047  1.00000000000000000
 -0.00019368447036153  0.00168997425820139  0.00431674032698772  0.00759258186485271
  0.01173363170853799  0.01657516906727204  0.02181441406303396  0.02754213677709697
  0.03400608856311684  0.04073752620785505  0.04770150966090526  0.05528510932605105
  0.06313182488906208  0.07043065266690093  0.07810237950407266  0.08681148715864809
  0.09648714062137964  0.10600894614138610  0.11557903820711332  0.12502672981337695
  0.13432573636504019  0.14337370512469108  0.15224036233403987  0.16125865731876068
  0.17069077462179794  0.18144359631948367  0.19232927155065280  0.20293983834760143
  0.21371747948427428  0.22485304554132104  0.23613365413889670  0.24768407963612962
  0.25949250229559656  0.27118638256272404  0.28275058579991597  0.29435302559830140
  0.30625587016609912  0.31864989869008997  0.33154959258059746  0.34468426170044958
  0.35767114723065746  0.37011294276469381  0.38180348703903111  0.39331428590250467
  0.40485456261803626  0.41655235789895495  0.42838381742358367  0.44050346392375267
  0.45264811432035396  0.46493708207490159  0.47798444514022104  0.49144870712325811
  0.50483785600179587  0.51761006308625368  0.53046961355828703  0.54379404134420883
  0.55619145979199880  0.56747620840296920  0.57849157296407061  0.58956264855753404
  0.60084509592682023  0.61241668673220750  0.62391030263278702  0.63507410929568986
  0.64626088187354880  0.65780371704341944  0.66950467526681556  0.68143396784155674
  0.69314557473022975  0.70539824522086092  0.71726975389263770  0.72888543522709537
  0.74040806584999919  0.75178333967494981  0.76296265373567318  0.77393845340921652
  0.78466309281086077  0.79518399610448931  0.80623846450979075  0.81740133987982877
  0.82876437633008215  0.84035565936599588  0.85208080836510891  0.86394546916908577
  0.87607774455761156  0.88780394079474068  0.89909479016768612  0.91022212763037924
  0.92138951010659143  0.93255747678116918  0.94365771548715649  0.95485316636357143
  0.96629385542802437  0.97776213990815752  0.98909680523194921  1.00000000000000000
 -0.00298633904753859  0.01005422530651744  0.02214324373166131  0.03377109441812595
  0.04507769512249470  0.05583316701372294  0.06550970055292125  0.07492877413516009
  0.08470186775378767  0.09442559569165844  0.10343048638802330  0.11273245798146175
  0.12224828020492270  0.13248575271162905  0.14333626645238035  0.15400433512352443
  0.16421473272924769  0.17412486452511400  0.18412165823791160  0.19533387560896096
  0.20737571820818390  0.21916501402867977  0.23093677480647049  0.24260466113812909
  0.25340560278494811  0.26158786116918792  0.27069326424040141  0.28023440156737162
  0.28929077223995170  0.29830306083752767  0.30758935346495181  0.31860889289895122
  0.33136625772052841  0.34268129254330881  0.35326167144553638  0.36382139624547588
  0.37461107232244673  0.38544542414305571  0.39643846106100350  0.40761225990507854
  0.41894709511932732  0.43028149213288380  0.44156387668970182  0.45253672018297492
  0.46322801299717931  0.47338386697338075  0.48319668171842950  0.49291039842799872
  0.50245808316795870  0.51210091335637820  0.52198907836614306  0.53241059833600601
  0.54298431550471093  0.55365389061553061  0.56423971905544401  0.57488726120550271
  0.58591799414904921  0.59734144244905174  0.60909844540880265  0.62087124459413745
  0.63216302881047981  0.64319467652900297  0.65354405451764297  0.66343697511548172
  0.67382852091508394  0.68485780758262471  0.69533203791027309  0.70510341884390959
  0.71446801192681575  0.72369917546141138  0.73306504046101462  0.74274074892440389
  0.75325768479771293  0.76480407633847092  0.77683824729551232  0.78836260921300261
  0.79918324560733489  0.80983135877105727  0.82060023280419769  0.83130541847649519
  0.84132684405447933  0.85099916908149442  0.86096998924137780  0.87161262231716774
  0.88239114922180795  0.89387087234053220  0.90534075257120827  0.91666537710147189
  0.92709384474325640  0.93741358443618028  0.94822707853275012  0.95975749025991008
  0.97093325069562786  0.98126437223825436  0.99069014986526915  1.00000000000000000
 -0.02002426030849196  0.10677043864894764  0.16404191542137458  0.20176941489554923
  0.22692447846080185  0.24842250626186982  0.26872223423326713  0.28650168959950290
  0.30235686014315255  0.31715043524509046  0.33125008120586824  0.34562502781689575
  0.36030633473986656  0.37465354911069720  0.38803344098472065  0.39993954208377852
  0.41105520552332536  0.42203950497630344  0.43395819446777933  0.44638517098155672
  0.45899883788212087  0.46782424435656456  0.47717561876419068  0.48612046180154161
  0.49473785333915887  0.50289255727176485  0.51071615950740390  0.51870420896269798
  0.52760599830884403  0.53724311341389597  0.54699499331978452  0.55705384750254716
  0.56675732943970802  0.57617505948118353  0.58535829006505957  0.59451596980749366
  0.60362029582345578  0.61293249683946982  0.62239722984939905  0.63093473190471705
  0.63893723766286770  0.64743441354766951  0.65518074455430986  0.66281172014532830
  0.67038797926183002  0.67857750877332790  0.68582115723288417  0.69457287271516543
  0.70260157601588391  0.71092216216455428  0.71906265895975796  0.72710378829487776
  0.73526618051688186  0.74334030394518047  0.75151806214760497  0.75984244231918152
  0.76785106476753295  0.77504197291198129  0.78155047873214256  0.78790305774540448
  0.79421744909817249  0.80054765363368796  0.80700120562907329  0.81349998287654013
  0.81988423784775599  0.82610619788780260  0.83231309078729354  0.83859622115114740
  0.84491059829144610  0.85108621899970271  0.85715141932096961  0.86308974930334270
  0.86903687610089408  0.87506002297490926  0.88119069300504993  0.88740701475266204
  0.89361376342189958  0.89985865446444113  0.90617386778875442  0.91226299050848769
  0.91826071155945754  0.92428891534511526  0.93049243996287134  0.93671166874132561
  0.94276310286321752  0.94877520915126123  0.95469392194588432  0.96052670447231570
  0.96630467084866689  0.97202787398435675  0.97747076029306545  0.98246301050928897
  0.98714437026263979  0.99162304924078304  0.99588559577891145  1.00000000000000000
 -0.00203827566164755  0.00760704580587884  0.01773328826154653  0.02729337800530583
  0.03834139869346387  0.04909874235791446  0.05970988998274043  0.07032847594398987
  0.08086581159315583  0.09146985311996454  0.10210459329777999  0.11270725996150194
  0.12339404686926701  0.13407016195343310  0.14470808920841277  0.15479482999221889
  0.16471070310227634  0.17588097542771475  0.18632252197943561  0.19509879336068700
  0.20348606576360906  0.21257057136698057  0.22196257753113063  0.23151865557726672
  0.24025828634277563  0.24917885907228002  0.25906277611581224  0.26921416179046620
  0.27869784534059094  0.28805900769675891  0.29817230268030315  0.30909350571179939
  0.32020105513047042  0.33124296210066162  0.34218776643017090  0.35305782607733316
  0.36408475903817167  0.37544465575416069  0.38729137541513708  0.39966905819094167
  0.41249376769143992  0.42553411876060804  0.43864523571417852  0.45068856722414841
  0.46254197623997956  0.47418455011016608  0.48556743730821988  0.49606148224311558
  0.50748438795865436  0.51876146131643941  0.53014276541294236  0.54183307413867465
  0.55204543641212733  0.56197843108486023  0.57204745839041793  0.58245030434352485
  0.59261903138581573  0.60229706243192882  0.61291992259411121  0.62372334242245975
  0.63363150725746620  0.64371860458953722  0.65473772103472572  0.66565769198399682
  0.67651618738986941  0.68693735958466717  0.69795932499124369  0.70918368156974676
  0.72036595089374245  0.73211526814141525  0.74412436230333789  0.75611670813549869
  0.76769354494273423  0.77901887170085249  0.79008186701835093  0.79938747849574399
  0.80807947638295485  0.81678379431072701  0.82589224989977195  0.83534996601793354
  0.84504528219560149  0.85488588606522276  0.86506295341449635  0.87516838247984097
  0.88519160356400306  0.89509918400624733  0.90487744977596352  0.91467414545107761
  0.92505610070027133  0.93577867390415215  0.94588985457176633  0.95595138083736231
  0.96706666688780984  0.97804891995774512  0.98913331110377589  1.00000000000000000
 -0.03067979182552792  0.27600238108489400  0.37873780510658117  0.44212266204826400
  0.48907891802136333  0.52864377484362302  0.56145259195059083  0.58951326310385888
  0.61336058014897132  0.63407295349904502  0.65243570945407958  0.66930875182238081
  0.68551485916988464  0.70162601212926168  0.71636706424491048  0.72921264607080516
  0.74065656026149918  0.75103564801003575  0.76132838645128309  0.77142899336037807
  0.78168600518321296  0.79086861867292713  0.79900994306027484  0.80673414405300625
  0.81414279882044593  0.82117218082245902  0.82797987422604580  0.83432544367821315
  0.83991115663104499  0.84519051649151145  0.85036356928992807  0.85528440157331920
  0.86004650441506181  0.86475578366480776  0.86925255461714224  0.87353885379731810
  0.87760895504773262  0.88140301720185321  0.88518760226963666  0.88902514473781724
  0.89279433083235327  0.89647860783914102  0.90006792351575449  0.90356876043025192
  0.90701538942746784  0.91030281129705815  0.91335890577449064  0.91625863097588078
  0.91884429789359501  0.92137563116031951  0.92394418460962746  0.92651048639552835
  0.92906134705194521  0.93161577996601519  0.93416121048852663  0.93660515212852169
  0.93893463871945537  0.94113162175369314  0.94327738764078406  0.94535886440726702
  0.94736911576417837  0.94930223474769315  0.95117766161303163  0.95301919008384006
  0.95482244965536978  0.95659455781788882  0.95823520044653421  0.95975315145888973
  0.96120492798787271  0.96262518323784418  0.96401297209102432  0.96536287922235953
  0.96672089286296259  0.96807981356957984  0.96939876502460021  0.97068588999729633
  0.97196216831943671  0.97322009174572255  0.97449678232093007  0.97575752353113354
  0.97696898894388950  0.97816679703749565  0.97936799262569507  0.98057414191053660
  0.98178622988158548  0.98300331572084865  0.98422918388503566  0.98548534388899489
  0.98675437853380099  0.98804064414885762  0.98933462071800615  0.99067440089837566
  0.99211423863126891  0.99376205481523061  0.99608499942243067  1.00000000000000000
 -0.01407154460053855  0.06893065768876211  0.10020624987231272  0.12042686628505381
  0.13482916128514191  0.14687805363801337  0.15802784501415637  0.16869255879538925
  0.17879358594581982  0.18766152478721829  0.19508012732064961  0.20183858148305528
  0.20846645759823823  0.21489642460472233  0.22125052201361742  0.22725119815868899
  0.23293344978047495  0.23857069026833794  0.24420977148436049  0.24965852737851713
  0.25474008717269919  0.25973742165642805  0.26475355107090714  0.26977649011674693
  0.27475108368041468  0.27965228803657283  0.28453292391998963  0.28952763493432604
  0.29448055166605591  0.29940109033529616  0.30429564748653465  0.30923028812115272
  0.31434944140300086  0.31951103647939078  0.32484582949188184  0.33011236403443267
  0.33533432030601534  0.34057022827661160  0.34589121038179982  0.35134676366266021
  0.35646148289009127  0.36118636897564244  0.36593385261925804  0.37078381047453957
  0.37551084568833587  0.38024367602998477  0.38479093467729369  0.38926981393817917
  0.39376947764352693  0.39840619438244540  0.40326771406452422  0.40832608127236869
  0.41343774151676665  0.41861163197983631  0.42381234698721010  0.42886521297286195
  0.43373436278859767  0.43862345084981280  0.44386376722360593  0.44932247797602071
  0.45495187582567692  0.46072239543085713  0.46661145629294665  0.47251893122035271
  0.47845704926163035  0.48461935095865732  0.49096196194267888  0.49740939217022317
  0.50398345539370715  0.51078532527506249  0.51769678549540288  0.52397978100140929
  0.52955183520405946  0.53518533510400657  0.54116455573010680  0.54751242934749123
  0.55408216461384208  0.56079467101919334  0.56765998026031650  0.57447742634946297
  0.58157771278075254  0.59021985590620485  0.60056431619649309  0.61129057037750745
  0.62204880638131732  0.63295125464869995  0.64429353681592638  0.65613737463906652
  0.66829561848233088  0.68143652284539780  0.69870909878598664  0.71816878727601552
  0.74120986476898587  0.77155877532169070  0.82311526204164187  1.00000000000000000
   4.2816723261929776E-005  -1.0000000000000000     
 F T F T F T F T T F T F T F T F F T F T F T F T T F T F T F T F F T F T F T F T T F T F T F T F F T F T F T F T T F T F T F T F
  <DiscreteSampler_grid>
  grouped_processes
  1 # 1 for a reference and 2 for a running grid.
  10 # Attribute 'min_bin_probing_points' of the grid.
  1 # Attribute 'grid_mode' of the grid. 1=='default',2=='initialization'
  0.0000000000000000 # Attribute 'small_contrib_threshold' of the grid.
  0.5000000000000000 # Attribute 'damping_power' of the grid.
 # binID   n_entries weight   weight_sqr   abs_weight
    31   10   6.121661173948734E+003   2.623695917556535E+008   6.121661173948734E+003
    32   10   6.121661173948732E+003   2.623695917556532E+008   6.121661173948732E+003
    34   10   6.121661173948734E+003   2.623695917556535E+008   6.121661173948734E+003
    35   10   6.121661173948732E+003   2.623695917556532E+008   6.121661173948732E+003
    37   10   5.340959420818896E+003   1.880132615470431E+008   5.340959420818896E+003
    38   10   5.340959420818896E+003   1.880132615470430E+008   5.340959420818896E+003
    40   10   4.429898812450692E+003   1.292052928183017E+008   4.429898812450692E+003
    41   10   4.429898812450692E+003   1.292052928183015E+008   4.429898812450692E+003
    43   10   5.866898213862728E+003   2.208564280657067E+008   5.866898213862728E+003
    44   10   5.866898213862728E+003   2.208564280657066E+008   5.866898213862728E+003
    46   10   5.866898213862728E+003   2.208564280657067E+008   5.866898213862728E+003
    47   10   5.866898213862728E+003   2.208564280657066E+008   5.866898213862728E+003
    49   10   4.197804590981928E+003   1.167615328233471E+008   4.197804590981928E+003
    50   10   4.197804590981928E+003   1.167615328233470E+008   4.197804590981928E+003
    52   10   3.760359625085818E+003   9.055181555087021E+007   3.760359625085818E+003
    53   10   3.760359625085816E+003   9.055181555087009E+007   3.760359625085816E+003
  </DiscreteSampler_grid>
