  0.00070067787344386  0.00071543971185044  0.00073129249756180  0.00074552483517799
  0.00075823164336623  0.00076986593552718  0.00078086421818108  0.00079171963680581
  0.00080243470364953  0.00081307488393644  0.00082369095719687  0.00083430095257338
  0.00084485266488505  0.00085544105623582  0.00086603622735843  0.00087670006665644
  0.00088746491078295  0.00089835197994272  0.00090958661233156  0.00092063107947825
  0.00093166886303627  0.00094283663642994  0.00095420059820252  0.00096575555736326
  0.00097743628905135  0.00098954964139935  0.00100164711893909  0.00101392383927855
  0.00102652111136059  0.00103937667239163  0.00105251242822119  0.00106606188993893
  0.00107964243564306  0.00109307199829061  0.00110678525064408  0.00112123380519631
  0.00113610952180602  0.00115083450214908  0.00116626104638483  0.00118238406616924
  0.00119899437709395  0.00121615952587487  0.00123349400283542  0.00125078886997154
  0.00126804236906466  0.00128548807995523  0.00130329739542428  0.00132178680418728
  0.00134097307676116  0.00136039087305641  0.00138128403225533  0.00140339003781492
  0.00142605235608152  0.00144877135427266  0.00147250283922856  0.00149660694271531
  0.00152150181907990  0.00154764931918923  0.00157503703318750  0.00160385685158210
  0.00163652201161264  0.00167257484053865  0.00171029040552432  0.00174851394599671
  0.00178768352771099  0.00182876353669826  0.00187226325890084  0.00191977941855486
  0.00197010940440274  0.00202368703379208  0.00207819334658846  0.00213457107531027
  0.00219394772315002  0.00225711431700480  0.00232654966414661  0.00240209617454333
  0.00248159171657429  0.00257462139698927  0.00267590217355884  0.00278603651604821
  0.00290666866786291  0.00304869490263264  0.00322589033860787  0.00344393822279063
  0.00366387935025247  0.00389837599491481  0.00417147326737158  0.00448614592136523
  0.00490683098959609  0.00556504501717942  0.00644343050424150  0.00762327171940166
  0.00955919722702523  0.01348846231968263  0.28308780803943906  1.00000000000000000
 -0.00017534899189416  0.00142823023970422  0.00346389593851493  0.00619010685598321
  0.00962371213783833  0.01335998024905882  0.01747021033550284  0.02205133817094327
  0.02697125789864558  0.03236964414066369  0.03800358080245408  0.04378138385670977
  0.04965419699337117  0.05538594150893059  0.06141507620633659  0.06792070433026942
  0.07466153690419501  0.08157418750946982  0.08871471279996422  0.09599737765274964
  0.10346400388521926  0.11145688745953498  0.11978117532752218  0.12807114903655839
  0.13643227671029393  0.14505994935851393  0.15397454724627671  0.16329402006342411
  0.17294655045862398  0.18260497111476176  0.19200564161946967  0.20115991732355196
  0.21077064013457353  0.22048937190111534  0.23012315344632797  0.24058707577511373
  0.25184464220885883  0.26324158043043827  0.27416595088664303  0.28584369967601303
  0.29790636726988745  0.30972787235641497  0.32119979201435517  0.33271963414211220
  0.34498362530438637  0.35766691119458210  0.37060887883083349  0.38372084059368411
  0.39722194236383740  0.41128821598317000  0.42540518488460100  0.43930469780063047
  0.45338140241025071  0.46783835396673529  0.48243187571274027  0.49714638536226718
  0.51139957395640401  0.52576407764662991  0.54018132158506427  0.55431525541615834
  0.56815220351429818  0.58191862367614133  0.59575506244622989  0.60995860506692567
  0.62453840036781738  0.63894822879826352  0.65316140510379783  0.66613301718206797
  0.67843594917950256  0.69102894823584671  0.70400572447467269  0.71709705041682847
  0.72994075859607965  0.74251411345270002  0.75482671226379494  0.76703109582983930
  0.77929219797139737  0.79166887050141121  0.80415555318748433  0.81658692514685649
  0.82866506270124562  0.84055114959824395  0.85253398765645805  0.86459995400426859
  0.87651062364192789  0.88827426300710377  0.89989040639412421  0.91129896189621284
  0.92267148907473018  0.93397629399467852  0.94524373747352197  0.95651977581200409
  0.96769117013481820  0.97866323181989023  0.98942131506868114  1.00000000000000000
 -0.00227435986788350  0.00931496348834991  0.01906926795030989  0.02984188714395676
  0.04011908201437974  0.05094719746728918  0.06182956748422670  0.07155824860628407
  0.08117534979761012  0.09086258530969761  0.10071130544130776  0.11044682536256742
  0.12044802860217928  0.13047317675264219  0.14049265063134020  0.15089155936200782
  0.16188321970247110  0.17252361305296640  0.18260037899138853  0.19295792431180014
  0.20380295117921804  0.21429437900228102  0.22412957761862884  0.23406884031938299
  0.24410858407513650  0.25475905220974832  0.26561686152615216  0.27580062971518216
  0.28536269613287296  0.29494592650482077  0.30516322132062190  0.31560806338308078
  0.32577573915608249  0.33598928156142538  0.34669034549794830  0.35759332177823339
  0.36850972125859294  0.37950266740213345  0.39054082643368754  0.40142842637103865
  0.41210618001830929  0.42281212012255426  0.43373214265628740  0.44505912790563523
  0.45661801457808232  0.46823876486213389  0.48016617250912197  0.49217725077243912
  0.50366205481114557  0.51406919714966015  0.52428804146763563  0.53455687177705036
  0.54476860438846608  0.55491772263573669  0.56526683361477070  0.57619059809036366
  0.58785922349961128  0.60005964380534826  0.61167927752781504  0.62236920444827815
  0.63299834134809052  0.64353251311307880  0.65418229805926809  0.66474115243770349
  0.67549233101353257  0.68621162636169586  0.69652627414919621  0.70658637967391047
  0.71590491527795563  0.72510836871554485  0.73481269723204734  0.74495432449939047
  0.75488524542515956  0.76492585232961741  0.77576169942281425  0.78743422898915028
  0.79849111615649038  0.80856545933594748  0.81872982071364953  0.82896268362362779
  0.83897030974492426  0.84886666803760646  0.85913025511346630  0.86988249534797935
  0.88071790486635604  0.89214556732194938  0.90393224498168701  0.91585613334007177
  0.92709523792273207  0.93843739764534695  0.94844476066178807  0.95913018499914326
  0.97019519562805956  0.98060760914956802  0.99042515114102114  1.00000000000000000
 -0.00750086868612169  0.03773817094975424  0.06319121529675560  0.08323372394622826
  0.10056525804822999  0.11637887613394488  0.13053982871516273  0.14336504006005571
  0.15556237249059701  0.16702310153143685  0.17767278421745727  0.18823905975277500
  0.19848453207901132  0.20768909326627341  0.21638757062035327  0.22503435742099312
  0.23462332119689328  0.24456379734420569  0.25413928445390310  0.26365556491082415
  0.27293141706223573  0.28195623825252836  0.29057779110350856  0.29882054351712384
  0.30679443452747984  0.31487331814764019  0.32313946576059444  0.33123522410375150
  0.33916995468106409  0.34666168201856273  0.35410391681010056  0.36203382370634424
  0.37004477706283423  0.37801994486326951  0.38567765117028197  0.39387777191360518
  0.40189872467647964  0.41035904986837152  0.41843448146061463  0.42620823557831089
  0.43394511408676562  0.44185870383679871  0.44978202713687321  0.45769082231357328
  0.46564234526567294  0.47361073034361145  0.48149174433614145  0.48901722753066978
  0.49641376585371322  0.50403586084338625  0.51196812851537254  0.52014518792469588
  0.52838337363593324  0.53643814269296208  0.54423681057649231  0.55197311473666322
  0.55953111887132423  0.56720412312299651  0.57479837275776002  0.58224640292754859
  0.59041746055072453  0.59870380921430888  0.60658875280280522  0.61430283844213684
  0.62218524324861391  0.63047350712197381  0.63885451102462887  0.64696127951762983
  0.65496332348030439  0.66279277822408800  0.67142135908103517  0.68046064517427041
  0.68948749982760904  0.69837808742609409  0.70721293759175774  0.71594245151645242
  0.72464441588765505  0.73330592236599446  0.74193340838094324  0.75090325585011308
  0.76043740006025140  0.77034596095792085  0.78072306603322428  0.79195122251281802
  0.80423010703845688  0.81712090736803378  0.83024266563693894  0.84337703084165783
  0.85694090336542639  0.87131687361395849  0.88588491095298560  0.90100390867315561
  0.91750464833077150  0.93688525104703213  0.96409585919260632  1.00000000000000000
 -0.00233827481522520  0.00917517754580712  0.01974488637539113  0.03104902740119179
  0.04242264012350837  0.05380857981847016  0.06400664680297791  0.07341210201400356
  0.08304927105557876  0.09284910067000195  0.10287226870331986  0.11274880142770601
  0.12273578628655363  0.13299376721202491  0.14382476255282758  0.15492963471387616
  0.16607063657929377  0.17675242376140365  0.18724229471617890  0.19813620703998314
  0.20931030478368634  0.21955001773352278  0.23022285155444161  0.24096445250628176
  0.25219062396580877  0.26206855995678713  0.27193850435047323  0.28180111862045037
  0.29153009672936542  0.30125011011349728  0.31131197164289920  0.32181056594042479
  0.33222258371765090  0.34226950483877377  0.35220141083651613  0.36203487582898508
  0.37190794896041979  0.38144547887700186  0.39093253008915319  0.40076689933455623
  0.41104305634542349  0.42186827037740809  0.43294637328371183  0.44449574371333583
  0.45647357759380125  0.46832070623898897  0.48007664707330067  0.49184195112937545
  0.50335028293377559  0.51464301789226385  0.52589968510422780  0.53708962254299908
  0.54891337249312888  0.56060573232255950  0.57226084566514113  0.58341463840109664
  0.59466457159796193  0.60597023500478109  0.61739526274219081  0.62874630711562940
  0.64005733941233300  0.65101523394611982  0.66177100467910133  0.67256352146895992
  0.68328085795788707  0.69376711267599045  0.70402419732058785  0.71421577464914165
  0.72440797715031768  0.73476390678202597  0.74518626493899209  0.75545172172562858
  0.76541868894879106  0.77586210384214471  0.78647014721674580  0.79691216590003844
  0.80701267037301916  0.81681118440059430  0.82684319396341699  0.83712448732352462
  0.84782199303954531  0.85829034987069674  0.86810810805239247  0.87789697662690458
  0.88791605279917196  0.89782188809805141  0.90709204414564981  0.91668431046335286
  0.92674355322922242  0.93660901335967950  0.94613762348075980  0.95585535050575388
  0.96623365394253213  0.97728782663968305  0.98814514006391596  1.00000000000000000
 -0.02223162743145361  0.23963507085592473  0.32435799750079847  0.37711899877917626
  0.41449727972321293  0.44396441322835206  0.47017227506430531  0.49301897437818742
  0.51330253086778443  0.53206382025084098  0.54936294525157359  0.56512745198520298
  0.57975204365540023  0.59344422354028603  0.60605176501827074  0.61808844554717179
  0.62925030530695358  0.64002451040432007  0.64944470748577532  0.65766442697734373
  0.66590824818636185  0.67338473198102444  0.68070608194851556  0.68786798505759839
  0.69495102071569625  0.70172282580531309  0.70817710502578157  0.71461945813166172
  0.72099469065257304  0.72728911191866952  0.73362375049428330  0.73993247166635223
  0.74608093878180315  0.75182856372657625  0.75718206423394574  0.76236681324364697
  0.76752968595259496  0.77242201590226134  0.77702714948536089  0.78161553810296425
  0.78613629299679721  0.79072343725016403  0.79536838194220971  0.80006860048615136
  0.80459247526322486  0.80893847988122436  0.81308759394906094  0.81723267437267200
  0.82132694728075384  0.82537762586405705  0.82940120260893757  0.83339518569968729
  0.83734123190739695  0.84118369817469851  0.84490836144196291  0.84861516692399008
  0.85232470672132354  0.85601952668561798  0.85960616738390172  0.86311195461191415
  0.86656262132466777  0.86998990838099266  0.87328915228634618  0.87656589290082465
  0.87980390865473879  0.88298861643994320  0.88613232898426275  0.88922068323942327
  0.89224470871255113  0.89516420301407962  0.89800281520328296  0.90092241503023585
  0.90386368861932886  0.90678785470755274  0.90971837984461212  0.91271094824185861
  0.91575859270499871  0.91883238048584692  0.92193211683553788  0.92510435665137469
  0.92833609662418926  0.93150947367309500  0.93462728955103436  0.93767020546448365
  0.94068383511651676  0.94376983844023465  0.94698715049278304  0.95034345778060103
  0.95395151118953481  0.95740635521482143  0.96126307383773890  0.96541851488754726
  0.96999938315546641  0.97557475201938582  0.98448312747065847  1.00000000000000000
 -0.02789020099693476  0.13479275061869750  0.17512339459340376  0.19963792273898148
  0.21861804699388968  0.23465074866158669  0.24860555948654506  0.26123486408780783
  0.27291714891967095  0.28387168911562427  0.29418510874969273  0.30381505411204485
  0.31270076631149890  0.32070917368157664  0.32824021318664132  0.33533282986782331
  0.34176917196864764  0.34786996940155912  0.35393547938970010  0.36008849591891473
  0.36612872670102442  0.37192978230169960  0.37733235753926914  0.38248673248585979
  0.38758403630774974  0.39283111940521193  0.39812573306315241  0.40332726291761289
  0.40837250374472017  0.41325292568646183  0.41801069387111317  0.42275728851856886
  0.42757894047822409  0.43241276377054927  0.43739526701803622  0.44253656706503053
  0.44773660700995022  0.45298282981267074  0.45814637840237654  0.46319609019785596
  0.46819373066578690  0.47311662220194661  0.47790630269064693  0.48246038739642649
  0.48691469121037600  0.49137878068350793  0.49583452919360604  0.50042005318442551
  0.50505529305348040  0.50969004426782416  0.51436285583241204  0.51903190572684377
  0.52380788839365411  0.52864981641767927  0.53344595699233743  0.53824756576277177
  0.54313919684476319  0.54806325464706596  0.55291302322819647  0.55769681587609266
  0.56241815256404926  0.56715030591730753  0.57199774649988633  0.57710501954359827
  0.58223117039780559  0.58727192051459409  0.59240740770204914  0.59748846799391953
  0.60278745971156622  0.60837544945536393  0.61421636350846642  0.62014222615327796
  0.62602895933007285  0.63189874913558797  0.63778740670681022  0.64377117331463207
  0.64996989642432013  0.65639753474101370  0.66302680494940891  0.66979351041881763
  0.67666389049196829  0.68370599810473520  0.69101893477394716  0.69857443503251848
  0.70631215718470397  0.71448864084819630  0.72347546135910001  0.73371275391331614
  0.74494584344009851  0.75681942484300779  0.76963309659927748  0.78378732359389158
  0.80136715115164214  0.82441614004661334  0.86289756763467607  1.00000000000000000
   3.2201768215122188E-007  -1.0000000000000000     
 T T T T T T T T T T T T T T T T T T T T T T T T T T T T T T T T F F F F F F F F F F F F F F F F F F F F F F F F F F F F F F F F
  <DiscreteSampler_grid>
  grouped_processes
  1 # 1 for a reference and 2 for a running grid.
  10 # Attribute 'min_bin_probing_points' of the grid.
  1 # Attribute 'grid_mode' of the grid. 1=='default',2=='initialization'
  0.0000000000000000 # Attribute 'small_contrib_threshold' of the grid.
  0.5000000000000000 # Attribute 'damping_power' of the grid.
 # binID   n_entries weight   weight_sqr   abs_weight
    10   10   3.113638688845186E+002   2.547543020373548E+005   3.113638688845186E+002
  </DiscreteSampler_grid>
