  0.00000276518592844  0.00001123948191745  0.00001604220630736  0.00001666787599377
  0.00001773380329434  0.00002002303732621  0.00002271384235680  0.00002419534894176
  0.00002584997915307  0.00002733061244234  0.00002887944902774  0.00003044439865830
  0.00003202463674124  0.00003357927019149  0.00003510891216138  0.00003649351421069
  0.00003801506078837  0.00003958144800014  0.00004143707052064  0.00004334559917230
  0.00004520457116400  0.00004713373434922  0.00004916318741651  0.00005126527365268
  0.00005351639345535  0.00005603443678174  0.00005869013990497  0.00006140153777980
  0.00006421000347911  0.00006721962646827  0.00007040661473669  0.00007365484304914
  0.00007718754240662  0.00008103088317062  0.00008493878214180  0.00008914155672907
  0.00009380697636220  0.00009889120067195  0.00010414658011326  0.00010993793287441
  0.00011597024793758  0.00012239280323847  0.00012966922186145  0.00013749071450072
  0.00014611724141981  0.00015572413422411  0.00016643042086684  0.00017847603318056
  0.00019181867611397  0.00020628952652911  0.00022192431834570  0.00023892885181437
  0.00025800641337789  0.00027957420360213  0.00030356086332997  0.00032962612784606
  0.00035837851030749  0.00038943186787778  0.00042293528597481  0.00045827445376282
  0.00049760602956580  0.00053837915737666  0.00058160539486614  0.00062601458879006
  0.00067481955669340  0.00072705986205832  0.00078310942599941  0.00084437799739241
  0.00091124934680056  0.00098435462187157  0.00106447230938720  0.00115217802859031
  0.00124729030806155  0.00134820815789711  0.00145777201572140  0.00157971900361467
  0.00171599635292991  0.00186505361143897  0.00203141391494336  0.00222340305027127
  0.00244671691484960  0.00268052958761860  0.00292882532968474  0.00321358436748932
  0.00355445091142603  0.00395798646041727  0.00444534073805341  0.00501159264398959
  0.00572980963546997  0.00659921644283054  0.00759905139384465  0.00884934956430661
  0.01058895295430212  0.01490400632602022  0.14402991993599873  1.00000000000000000
  0.00001106702674030  0.00001704502680037  0.00002140775416914  0.00002571614534543
  0.00002982035809635  0.00003481755558964  0.00003988253640928  0.00004527264035544
  0.00005117228919973  0.00005754255953562  0.00006434421402090  0.00007153103305484
  0.00007893280907076  0.00008671750240222  0.00009524757647466  0.00010412395875408
  0.00011322059310713  0.00012265163510910  0.00013249711831023  0.00014277532046077
  0.00015323849363214  0.00016360544043599  0.00017408776760442  0.00018496039515903
  0.00019619888214156  0.00020803443647140  0.00022052960780682  0.00023357031144601
  0.00024715806804399  0.00026117690986084  0.00027557838550952  0.00029049837403663
  0.00030611094943174  0.00032209049995939  0.00033828736334798  0.00035536288564386
  0.00037357898174988  0.00039253198237063  0.00041269528773312  0.00043342290206925
  0.00045479065060996  0.00047655117502443  0.00049929487330557  0.00052310015977567
  0.00054799154114499  0.00057364715477370  0.00060032861353050  0.00062806448062501
  0.00065753744607004  0.00068899415429217  0.00072170676542133  0.00075572308785860
  0.00079100947340787  0.00082909773814616  0.00086945378887778  0.00091278230562209
  0.00095943938674357  0.00100939530299636  0.00106179594169092  0.00111633237246632
  0.00117386217163566  0.00123484560638022  0.00129946511935032  0.00136770117622054
  0.00143931790213426  0.00151514060504589  0.00159596901141448  0.00168276452161779
  0.00177333359540486  0.00186707865343781  0.00196648796170237  0.00207311300423083
  0.00218741909446155  0.00231065974394993  0.00244605325890322  0.00260229659738182
  0.00277437743805435  0.00295146857821369  0.00312515345066633  0.00330777880193274
  0.00349021738017442  0.00371187488234094  0.00394586443299168  0.00420163062696298
  0.00451922154471365  0.00492410711838825  0.00539947456049548  0.00587343446476255
  0.00650098577976826  0.00728504500268368  0.00841849892900618  0.00999438707696396
  0.01269094507180301  0.01601893047769765  0.08098149582620262  1.00000000000000000
 -0.00239263911661547  0.00925715039748486  0.01861362754235181  0.02867995478826894
  0.03878833809447027  0.04936771109822978  0.06027086890920240  0.07112933114076149
  0.08196600751474958  0.09276736178718710  0.10320551080181534  0.11348145201777993
  0.12358375451587608  0.13431884453219947  0.14526677825277307  0.15613946275934310
  0.16694170823177334  0.17815632025626144  0.18916045026190129  0.19954034246289742
  0.20962772896390219  0.21937801828197112  0.22952799605605620  0.23964725742081272
  0.25001076561246977  0.26049153042569489  0.27111590493705429  0.28190574736393509
  0.29234741356653970  0.30274963678323480  0.31302419719125230  0.32346095191010338
  0.33412964877496137  0.34454178103775612  0.35493420763780070  0.36530449227216633
  0.37640880335160326  0.38783337020166819  0.39942869729218344  0.41054614988878052
  0.42152347921821104  0.43214640406410720  0.44309901927480172  0.45431769772779407
  0.46575704338865009  0.47706528421243483  0.48800964716077799  0.49903373833048487
  0.50997808559997382  0.52084440333214166  0.53149287388476307  0.54205512526465527
  0.55269951223482583  0.56322649870789121  0.57371271620287978  0.58436480628365306
  0.59471142183657177  0.60485966480220865  0.61493034699486249  0.62499417451014294
  0.63485518755666748  0.64473577898765455  0.65507607592350903  0.66575654455198374
  0.67622363350236525  0.68649989832652947  0.69690854596933760  0.70772223228792230
  0.71876951316599136  0.73004416888986179  0.74152553130349830  0.75272539990370657
  0.76307113357177236  0.77278829319702491  0.78254542587979847  0.79271836674564744
  0.80353475479939962  0.81426725645572806  0.82469211069627479  0.83511235565220721
  0.84577052853407853  0.85693170330967283  0.86820888312697608  0.87880957820764816
  0.88911832242400612  0.89932032695377173  0.91027234182885963  0.92159328578142363
  0.93273089110750018  0.94322590568944087  0.95301995104121007  0.96247132577358363
  0.97163010300058572  0.98096758497492820  0.99047183652720161  1.00000000000000000
  0.00016878186482872  0.00026408765866583  0.00041281008357275  0.00059228946901403
  0.00070890014472355  0.00081688258789644  0.00092537108652824  0.00103811113375964
  0.00115207899354519  0.00126808629266823  0.00138794291605498  0.00151026827766082
  0.00163398137526543  0.00175861743416291  0.00188840709763188  0.00201994502625329
  0.00215321885887119  0.00228888924124776  0.00242737146599553  0.00256744823530797
  0.00270874003986024  0.00285265761626085  0.00299799619537436  0.00314634665368903
  0.00329904985689936  0.00345462330261406  0.00361447856112710  0.00377665286443992
  0.00394660330599155  0.00412115560030329  0.00429819583151177  0.00447831348630274
  0.00466105808353584  0.00484451318992997  0.00502685857972201  0.00520876472794650
  0.00539528854529165  0.00559182652341332  0.00579915825779339  0.00601092085933571
  0.00622055673129261  0.00643551532968462  0.00665242936470383  0.00688250147372882
  0.00712187533233174  0.00736107321815666  0.00759586489918988  0.00782876555000011
  0.00806427241900522  0.00831076737709535  0.00858038446230480  0.00886060137019814
  0.00914078818162455  0.00940181636028310  0.00966074906068923  0.00992542877315728
  0.01021335014580527  0.01052617946836869  0.01084892266515328  0.01115381535068661
  0.01147494639157432  0.01180475096404876  0.01214958770556185  0.01251563465628327
  0.01287868619259892  0.01324352129129836  0.01361402477389864  0.01401250751307273
  0.01443683810968944  0.01486117405331074  0.01527976571095065  0.01570288934550912
  0.01617042776324853  0.01672357907352016  0.01737719842883883  0.01801707329695962
  0.01862092323554613  0.01929858483923768  0.02007553158517423  0.02106801403060429
  0.02240339019346668  0.02349786278428422  0.02416451872922112  0.02489173557030839
  0.02591462112421427  0.02778142159447477  0.02928126867652025  0.03059379753655572
  0.03228003406893784  0.03335276898170382  0.03708960580289535  0.03865051181753070
  0.04885024292486925  0.06728569108264941  0.35455224383951883  1.00000000000000000
 -0.00230082345437514  0.00911234506587479  0.01894236449937455  0.02910480125366969
  0.03931183418531457  0.05047193278641679  0.06157500426757737  0.07239934491616855
  0.08292588058633273  0.09365560651531964  0.10450425840914412  0.11522240170811072
  0.12632311789067713  0.13687281402691137  0.14703194632311484  0.15722631624875974
  0.16779182528506273  0.17875612294618848  0.18973906220289469  0.20105722968204545
  0.21221918003689078  0.22294221232490319  0.23310329812804753  0.24330295484945855
  0.25364537696770195  0.26429166187006708  0.27479437594194916  0.28527126948052722
  0.29587025647450815  0.30659236866643319  0.31721999087893271  0.32771872422010090
  0.33810100167566332  0.34853349506397624  0.35860734241290587  0.36862153924891555
  0.37892176051588827  0.38979119427875641  0.40066268207166544  0.41127246845265847
  0.42196642328134226  0.43234631130054657  0.44215799056104738  0.45194624297377900
  0.46239712517178250  0.47291730221349138  0.48341482646724976  0.49359359861736818
  0.50319655621326964  0.51237350150760019  0.52188519267533517  0.53250226588286131
  0.54379971770355240  0.55430703642033630  0.56454322069734364  0.57496620692558797
  0.58567261911455837  0.59612651312653431  0.60672517942553805  0.61745757901912790
  0.62814792337486725  0.63845556536207104  0.64880589037801240  0.65923869233887600
  0.66949127944675713  0.67983439436768667  0.69059218489264262  0.70161877094340841
  0.71217774034574721  0.72262074310756386  0.73302094213540192  0.74321811317361020
  0.75333780068625966  0.76360499356000033  0.77408245198237147  0.78457547637416669
  0.79527179927600200  0.80610586492486702  0.81684058293097850  0.82758184015151393
  0.83847107129332632  0.84927391360512372  0.85996151874610494  0.87067897925039750
  0.88104869092637306  0.89149119908744789  0.90201196581394782  0.91308835151141898
  0.92376777968623913  0.93455995168845762  0.94520726981263059  0.95651684005038873
  0.96766966319947145  0.97870332891379652  0.98932832775981328  1.00000000000000000
 -0.00610680798095016  0.09531924147138331  0.15090540532665161  0.18881484588992831
  0.21893359645062965  0.24470023143468358  0.26719973795540786  0.28764707313938576
  0.30688618025092113  0.32490885268510028  0.34164668013153449  0.35723940280761357
  0.37175534020087431  0.38551231815011133  0.39853654186350279  0.41084562812943803
  0.42268979230623294  0.43428753179621121  0.44557985457957167  0.45675524700573605
  0.46723007698804569  0.47732065202537793  0.48735857478611966  0.49699266380976598
  0.50653094796497977  0.51581424392110464  0.52486827393230195  0.53369859584615686
  0.54215742277000800  0.55057716990035366  0.55902510205597744  0.56737031124320436
  0.57540394295227637  0.58315212634610492  0.59068994381862661  0.59815503239244527
  0.60549891707389014  0.61288356718962200  0.62019568569796535  0.62738788176286497
  0.63425109242223898  0.64084820349671623  0.64717223771354304  0.65334521881936813
  0.65959585874445070  0.66583865395655217  0.67214144313931790  0.67857495029792403
  0.68505254836629370  0.69137592150661242  0.69749724511582334  0.70353326129054039
  0.70961361470837747  0.71580998183552447  0.72195973791173518  0.72774965370601097
  0.73313530615900369  0.73834818653859702  0.74354556777654779  0.74899407466265289
  0.75483115753987651  0.76092535563772401  0.76688240017422316  0.77264333300521126
  0.77835628697340609  0.78392075155443830  0.78927491930119198  0.79444204824416598
  0.79944919355785160  0.80450370062158261  0.80960858932996504  0.81486099305637361
  0.82025050153511481  0.82550804406687994  0.83066772686649837  0.83588410493792920
  0.84112340293599031  0.84652922885168236  0.85218271579115623  0.85805514290579710
  0.86397813041693838  0.87019310652479742  0.87633216601630881  0.88243893275397722
  0.88850471874986181  0.89464641066400186  0.90110114020184817  0.90784484881418781
  0.91489937814159705  0.92214394955001788  0.92969251418110888  0.93772290284885451
  0.94687847463431052  0.95759815633082002  0.97318195190008527  1.00000000000000000
 -0.02735586807196673  0.13085876872319144  0.17041097137840888  0.19482219598186024
  0.21400206104435271  0.23037763952181967  0.24460969232383298  0.25719311638413056
  0.26835692279757628  0.27857767151882307  0.28811490869729578  0.29708003157663287
  0.30549519456581475  0.31349568808308748  0.32096869140716894  0.32782153138782899
  0.33424524827547736  0.34045762863405032  0.34670815238662428  0.35329717232760000
  0.35969201415683921  0.36583399325945171  0.37171040339287725  0.37757705124568253
  0.38351935680048510  0.38934420874771758  0.39500010364912708  0.40055504518634633
  0.40595579484181205  0.41125582465185440  0.41641639219017257  0.42134199236941999
  0.42610396903745523  0.43083250533396111  0.43554447463964013  0.44036147697184003
  0.44532532095453059  0.45028926489336896  0.45524192331225660  0.46022059557386896
  0.46522090108364123  0.47023362064021895  0.47517862967387192  0.47997200392402734
  0.48456088200583847  0.48919912517178693  0.49389135679772017  0.49878177728052764
  0.50374249999634202  0.50865925286108515  0.51354916706214249  0.51833182869591587
  0.52298977755428311  0.52760913930580178  0.53222377229659423  0.53692703201352887
  0.54172836715474415  0.54661075104725088  0.55116579928281295  0.55575592596356493
  0.56038931942063264  0.56518323257970260  0.57026129130864611  0.57565646826838501
  0.58088959925926442  0.58626911326672371  0.59172501784151588  0.59718698211650156
  0.60276434939812784  0.60837304160200500  0.61392281945569560  0.61948221193415121
  0.62519824436262139  0.63115556414767460  0.63734798194502129  0.64360816821056488
  0.64976386015324117  0.65592316945875828  0.66233209307904162  0.66909957884553251
  0.67610820387481341  0.68322351106967860  0.69061367551846031  0.69855491150553017
  0.70702876555975491  0.71594650613683863  0.72534304184634857  0.73534667017820865
  0.74635326327810581  0.75858824232047573  0.77238062817799447  0.78808896216839552
  0.80757854261397533  0.83124442923789144  0.86864049313008151  1.00000000000000000
   1.4586668597053280E-005  -1.0000000000000000     
 T T T T T T T T T T T T T T T T T T T T T T T T T T T T T T T T F F F F F F F F F F F F F F F F F F F F F F F F F F F F F F F F
  <DiscreteSampler_grid>
  grouped_processes
  1 # 1 for a reference and 2 for a running grid.
  10 # Attribute 'min_bin_probing_points' of the grid.
  1 # Attribute 'grid_mode' of the grid. 1=='default',2=='initialization'
  0.0000000000000000 # Attribute 'small_contrib_threshold' of the grid.
  0.5000000000000000 # Attribute 'damping_power' of the grid.
 # binID   n_entries weight   weight_sqr   abs_weight
    10   10   4.736241703932841E+003   4.023369183799318E+007   4.736241703932841E+003
    16   10   4.736241703932841E+003   4.023369183799319E+007   4.736241703932841E+003
  </DiscreteSampler_grid>
