  0.00002985985558006  0.00004073385505375  0.00004789098387005  0.00005616929690530
  0.00006675826598805  0.00007863523387776  0.00009200933151198  0.00010782124995632
  0.00012593459521473  0.00014613791340108  0.00016779535263381  0.00019218372813916
  0.00022093562162526  0.00025584172856471  0.00029620409665842  0.00034129838642206
  0.00039060735424103  0.00044436586453504  0.00050227454619026  0.00056242009763853
  0.00062514973813663  0.00069298590663048  0.00076881607471253  0.00085190949835991
  0.00094148987204365  0.00103813666341914  0.00114148520909015  0.00125022437162281
  0.00136598202909742  0.00149122909045707  0.00162608130779970  0.00176186302995825
  0.00189978016242857  0.00205326376425971  0.00222137338203380  0.00240292546350431
  0.00259241398072553  0.00278923717469914  0.00298877711414591  0.00319769267416703
  0.00341026128005857  0.00361844287376593  0.00382876524797195  0.00404885886137142
  0.00431619959342471  0.00459849365258173  0.00489700298266934  0.00519103182756607
  0.00549811918005822  0.00581585977344429  0.00617649673298010  0.00655590205651736
  0.00696352697009430  0.00741911772511620  0.00785828050337222  0.00824343812592265
  0.00855610291750483  0.00887289072172400  0.00922975015551964  0.00959510271015619
  0.00995371609200598  0.01032596717424726  0.01064031854886877  0.01105370180416276
  0.01148741020323501  0.01196367122979766  0.01254508632962663  0.01318646909013604
  0.01379441616956635  0.01440919943345998  0.01503086661320763  0.01563468300063234
  0.01618513695154060  0.01669947758156139  0.01722989927549530  0.01782975215297991
  0.01857251329091604  0.01945277075047440  0.02042105443393639  0.02138739102464536
  0.02287829015974975  0.02483947249877888  0.02713481126249712  0.02939895253111930
  0.03174227154340971  0.03384741284076163  0.03560519732905486  0.03759099356132714
  0.03970841663631397  0.04167119008099664  0.04411554774537156  0.04621213079283410
  0.04869995473077952  0.05695717343365111  0.29760515213340305  1.00000000000000000
  0.00000060236311671  0.00000069325783377  0.00000081496387548  0.00000098161287927
  0.00000122897111872  0.00000160341024468  0.00000216251715433  0.00000295813905257
  0.00000422030432370  0.00000620284585414  0.00000940748649062  0.00001436379552024
  0.00002196597221748  0.00003320627487037  0.00004824388156919  0.00006669279844033
  0.00009013216805621  0.00011908166337852  0.00015331399571047  0.00019513236355377
  0.00024517092054174  0.00030124016962502  0.00036179952336903  0.00042853753679370
  0.00050205852526608  0.00058331541630495  0.00067682725629097  0.00078181817119736
  0.00088630981450675  0.00099492988433318  0.00111444448942383  0.00125696386063956
  0.00142165082042654  0.00159666608205880  0.00178377096061732  0.00198827478442520
  0.00219971784999917  0.00241656083528494  0.00265141227480337  0.00290087601068853
  0.00315296631083144  0.00340264172962063  0.00366894690015864  0.00395838777596942
  0.00427558270681803  0.00460287517773616  0.00493901012095962  0.00528418166624140
  0.00563683479326599  0.00600919791124993  0.00639650766047327  0.00677982967507241
  0.00715914142492408  0.00753986743976401  0.00793246626382043  0.00835269409337885
  0.00879817202656288  0.00926807075825453  0.00977037269208238  0.01029259859925617
  0.01084910148820523  0.01147017015452940  0.01216371032086154  0.01288090362883830
  0.01353341331448300  0.01411202897188697  0.01467747491608635  0.01532952801759029
  0.01612620356667433  0.01693355017040607  0.01773110582695228  0.01846864328180717
  0.01921635441904754  0.01998270332197731  0.02077077826952524  0.02149104678748964
  0.02228638614558205  0.02305839676264269  0.02396172599048142  0.02498390790533096
  0.02606814787927754  0.02729029081382056  0.02866935871121390  0.03007675072178578
  0.03137885706876346  0.03312011097586448  0.03591655393189340  0.03889760561548974
  0.04170622784901924  0.04435917188041991  0.04703456991051518  0.04971753401968272
  0.05296393902327363  0.05788881251092638  0.06889885935746155  1.00000000000000000
 -0.00235723940065874  0.00946914952747918  0.02043110088530640  0.03103593629230137
  0.04192630790518614  0.05311677749325876  0.06405425443219562  0.07500708167056615
  0.08574025948832532  0.09616506929358867  0.10658441753148847  0.11710013441757575
  0.12795313247981024  0.13926542571612724  0.15058685283172163  0.16146498317215893
  0.17149891908170753  0.18136007798710196  0.19143166412543147  0.20164526878587952
  0.21194005623534667  0.22285982907271917  0.23350140161826735  0.24389467682554997
  0.25399058644226385  0.26427407143952436  0.27362306548903825  0.28290724368366665
  0.29245048517696198  0.30286078616303597  0.31363964501523911  0.32457824234817345
  0.33598946314930489  0.34784806332768686  0.35969311933671089  0.37129656828081425
  0.38270556201025752  0.39399276172645270  0.40459984446916619  0.41517188832356089
  0.42499535084878487  0.43499544757983921  0.44518232415917641  0.45569064801331938
  0.46608477624134470  0.47576391125979306  0.48590140402476190  0.49632257499510674
  0.50746436193570299  0.51834424896291531  0.52883187180738045  0.53873117695543593
  0.54802878615060946  0.55785309878543754  0.56774097030799353  0.57796028670723265
  0.58817705598356029  0.59878682220087043  0.60987774421811547  0.62120849761219166
  0.63196715167043849  0.64241880850281075  0.65249923080654870  0.66297357967368808
  0.67364031390579993  0.68463210877288472  0.69540123795801656  0.70604978177291411
  0.71654928265176487  0.72657047883811765  0.73659400326141100  0.74693593585960616
  0.75797219817911521  0.76877063441830418  0.77936034591394876  0.78992458147640177
  0.80079954559693178  0.81220271654032783  0.82314019582087139  0.83315493777145277
  0.84307820786683774  0.85288706931833136  0.86299843636956541  0.87325590138583209
  0.88364230880604966  0.89399659138898502  0.90452310100328215  0.91494419938112148
  0.92503646808792017  0.93492718445601386  0.94521878214065524  0.95588626266783816
  0.96704575701020901  0.97780568520920896  0.98878175099159871  1.00000000000000000
 -0.00004715815585752  0.00101178374101366  0.00238423961712673  0.00368126542552481
  0.00486161907470024  0.00598815938696625  0.00703775742728129  0.00804297448125166
  0.00902249801571818  0.00998092055539151  0.01091589011289375  0.01182864415390074
  0.01272348727001566  0.01360836944796346  0.01449476934149210  0.01537886900198437
  0.01621945516053611  0.01699045752099413  0.01773683884698252  0.01848135816315449
  0.01922095794280475  0.01996435883796958  0.02073924702412069  0.02154171361557158
  0.02240845152071461  0.02340510474409598  0.02440789327160477  0.02522847442831677
  0.02600834187654559  0.02675692502882024  0.02752270450227912  0.02831579910825370
  0.02913639604849602  0.02994859288581309  0.03079042750266430  0.03172951352763627
  0.03277136545317159  0.03388479541536691  0.03502263426356196  0.03615809262874659
  0.03728282808493195  0.03842389949476115  0.03960288746656859  0.04075777661284241
  0.04178248325928451  0.04265433718715548  0.04346644429900714  0.04431063052133840
  0.04514338989206576  0.04584497484902889  0.04661336128878336  0.04743536296622519
  0.04828592716759317  0.04913918100981867  0.04985753492988854  0.05084160889485263
  0.05165783007709835  0.05240212062314142  0.05307685941468202  0.05382896969653017
  0.05474857144163460  0.05575496288845200  0.05698494271562821  0.05827328224888267
  0.05955713274312652  0.06080097403006786  0.06205190193998762  0.06377875783889123
  0.06556585365147465  0.06748612807077310  0.06900046235342640  0.07039218498908399
  0.07193100626216206  0.07393921674775229  0.07663017459290976  0.07843374206462482
  0.08016649171760333  0.08219436667536816  0.08539412592835943  0.08874640253797242
  0.09044529325314166  0.09201801888613992  0.09387597159889403  0.09658914794451699
  0.09899368240106329  0.10180710976007651  0.10492656756770578  0.10876523482673969
  0.11552031323795142  0.12263324866239651  0.12880972146961686  0.15317962618171846
  0.19925606902539370  0.26396297637643673  0.38346098600471956  1.00000000000000000
 -0.00105408263245153  0.00441228318760285  0.01043332856176745  0.01631312571947921
  0.02255656987426611  0.02914390558183837  0.03533027318900961  0.04153721717547912
  0.04833924280634535  0.05560316782387581  0.06330504901421170  0.07141817399447682
  0.07984805383506334  0.08848121698116358  0.09712426662705344  0.10576395250891087
  0.11466625010341100  0.12406648267996093  0.13397188523400230  0.14416861579471291
  0.15476239243193210  0.16586357001460655  0.17725743188376739  0.18890420456429538
  0.20048750676240609  0.21163029427922905  0.22276254953374319  0.23461601101810164
  0.24729096660209710  0.25982645565084694  0.27264371382085578  0.28584608604631612
  0.29909990659423541  0.31208555169275920  0.32508511593291389  0.33812034196634899
  0.35145573156010496  0.36516093428497354  0.37880132855998494  0.39215198656693506
  0.40547292801459672  0.41904006539297223  0.43276046323615142  0.44640691921841602
  0.45992663602071304  0.47340587003351781  0.48705505031269120  0.50088227056051893
  0.51465235766380435  0.52853978063395479  0.54249187113841169  0.55603927338845993
  0.56933303926241619  0.58235672231512969  0.59509653215761382  0.60818715746730700
  0.62168317080610258  0.63553916394323784  0.64899634341276957  0.66205576597223403
  0.67528725790328770  0.68863910141415929  0.70199875767818076  0.71556248448536819
  0.72907102044992067  0.74195939601279637  0.75449643385903697  0.76675541514970758
  0.77862886504482098  0.79010629881439831  0.80135348168243015  0.81260433342069271
  0.82355907704457976  0.83449883854101148  0.84485060849072335  0.85482234486012865
  0.86441421529962392  0.87378654860825078  0.88266614432912738  0.89138214840478336
  0.89995014992660805  0.90826559190816181  0.91663449925184270  0.92450748735250488
  0.93184809298052584  0.93891344586454206  0.94501846665117462  0.95112631273918447
  0.95710542555624245  0.96326536165493371  0.96946099824627596  0.97548464428543169
  0.98135564198604908  0.98718479727198538  0.99365389866918674  1.00000000000000000
 -0.00692837721806414  0.11865406657455492  0.18712459017579408  0.23512847815882665
  0.27466850329550219  0.30833608602660606  0.33811524869014803  0.36486661119181135
  0.38956241343590120  0.41261101704862174  0.43417034807427801  0.45428871142211807
  0.47340205791501927  0.49155632562383184  0.50854911600959218  0.52466777206394044
  0.54003946256856294  0.55436937829475519  0.56808649362704777  0.58121914514447259
  0.59411736936022019  0.60623828295786564  0.61774125586085016  0.62849070008656749
  0.63906793395357708  0.64977734538844223  0.66060913288863199  0.67123369067088678
  0.68143686008356330  0.69117175814182341  0.70062110349971607  0.70996463640605056
  0.71901736929876936  0.72757098013982524  0.73565122550239592  0.74355216846031580
  0.75144703386605627  0.75928989759601018  0.76702197941681527  0.77450132501759272
  0.78168087098485395  0.78850016612908447  0.79501133590262429  0.80128502624890807
  0.80727743777055982  0.81318900362912927  0.81879617895075274  0.82428404089700724
  0.82976088234696876  0.83528616132316624  0.84067888674034941  0.84605992440116884
  0.85130397532961832  0.85640673203424289  0.86139262996956234  0.86629851680079295
  0.87119388310559798  0.87568946308752715  0.88004844091759615  0.88437160814221283
  0.88856821084612947  0.89279421784315605  0.89679311567467790  0.90060261927524976
  0.90426702124336433  0.90798996200520532  0.91184848580221489  0.91560619609814509
  0.91924935636051264  0.92279570228721342  0.92622220111916009  0.92961343556391707
  0.93307905219320642  0.93648663086120854  0.93979852470008707  0.94297587079418732
  0.94599283471369755  0.94889739540238738  0.95174178838939416  0.95456978019666594
  0.95737266756933215  0.96016163046431302  0.96280842520931398  0.96538610502159583
  0.96792614119277742  0.97047305216628432  0.97300444740315972  0.97550413075344911
  0.97798200462395823  0.98043502041266739  0.98286553371085450  0.98528539716742158
  0.98775341311468967  0.99049946459153360  0.99465916210456429  1.00000000000000000
 -0.01529819465083734  0.06908671553564494  0.09904074823308416  0.11767664833972273
  0.13175256609546526  0.14360657911665067  0.15392038391486870  0.16305780135754325
  0.17136373674295835  0.17926008869292090  0.18695944657249158  0.19422787634689950
  0.20109078473145198  0.20771824049020979  0.21422980244862364  0.22055850136416397
  0.22650333412904047  0.23208750507168083  0.23753177470442199  0.24289648484650644
  0.24819796292811691  0.25348182811952497  0.25866426540178783  0.26407157135905479
  0.26965928461445632  0.27494170943511115  0.28007780004775706  0.28496888461140968
  0.28976066543506712  0.29443386243343761  0.29894312888335267  0.30353314932793807
  0.30813495118440137  0.31244551825506017  0.31683630248851224  0.32133332710245877
  0.32586543120803552  0.33061164755798866  0.33540108865256762  0.34009790298377668
  0.34461798110612624  0.34897263742075740  0.35343201401299523  0.35790836254595199
  0.36245631241508663  0.36706770879426381  0.37191584720825188  0.37683674231170572
  0.38177949807481265  0.38680657090956522  0.39177332211006377  0.39680021148887967
  0.40195003432947096  0.40717678313605699  0.41248131316202580  0.41782715627655231
  0.42309059511437108  0.42826435981417954  0.43325807491898072  0.43831702601748951
  0.44347381207430242  0.44859717138478999  0.45374119577471200  0.45899597852928997
  0.46445025853067490  0.47019132422527871  0.47619976331960528  0.48238903689190238
  0.48878738440623887  0.49539726724726602  0.50202617430836660  0.50873624875543400
  0.51558744914304466  0.52267633501084110  0.52975631692636116  0.53673874017290280
  0.54385464873330025  0.55125761458792188  0.55897591575411132  0.56696779579556644
  0.57525411814467731  0.58397934900262594  0.59339464135138109  0.60327635533590507
  0.61368308108748404  0.62452291978016405  0.63615918149620332  0.64887115098129300
  0.66307425874570081  0.67860910534792207  0.69552101725661830  0.71428237360789504
  0.73723275390237164  0.76776471190544204  0.81893003387685936  1.00000000000000000
   8.7325612333338744E-004  -1.0000000000000000     
 F T F T F T F T T F T F T F T F F T F T F T F T T F T F T F T F F T F T F T F T T F T F T F T F F T F T F T F T T F T F T F T F
  <DiscreteSampler_grid>
  grouped_processes
  1 # 1 for a reference and 2 for a running grid.
  10 # Attribute 'min_bin_probing_points' of the grid.
  1 # Attribute 'grid_mode' of the grid. 1=='default',2=='initialization'
  0.0000000000000000 # Attribute 'small_contrib_threshold' of the grid.
  0.5000000000000000 # Attribute 'damping_power' of the grid.
 # binID   n_entries weight   weight_sqr   abs_weight
    31   10   9.090943202054301E+007   7.973864379975698E+016   9.090943202054301E+007
    32   10   9.090943202047648E+007   7.973864379963814E+016   9.090943202047648E+007
    34   10   9.090943202054301E+007   7.973864379975698E+016   9.090943202054301E+007
    35   10   9.090943202047648E+007   7.973864379963814E+016   9.090943202047648E+007
    37   10   9.020763576410238E+007   7.853573851655003E+016   9.020763576410238E+007
    38   10   9.020763576403618E+007   7.853573851643264E+016   9.020763576403618E+007
    40   10   8.995137484268042E+007   7.811028186441352E+016   8.995137484268042E+007
    41   10   8.995137484261453E+007   7.811028186429702E+016   8.995137484261453E+007
    43   10   9.140935710110809E+007   8.073275982965722E+016   9.140935710110809E+007
    44   10   9.140935710104108E+007   8.073275982953677E+016   9.140935710104108E+007
    46   10   9.140935710110809E+007   8.073275982965722E+016   9.140935710110809E+007
    47   10   9.140935710104108E+007   8.073275982953677E+016   9.140935710104108E+007
    49   10   9.054765070634224E+007   7.922506209829186E+016   9.054765070634224E+007
    50   10   9.054765070627579E+007   7.922506209817358E+016   9.054765070627579E+007
    52   10   9.028228463488844E+007   7.877144769351534E+016   9.028228463488844E+007
    53   10   9.028228463482210E+007   7.877144769339754E+016   9.028228463482210E+007
    58   10   9.140998930666636E+007   8.073391122544998E+016   9.140998930666636E+007
    59   10   9.140998930659875E+007   8.073391122532848E+016   9.140998930659875E+007
    61   10   9.140998930666636E+007   8.073391122544998E+016   9.140998930666636E+007
    62   10   9.140998930659875E+007   8.073391122532848E+016   9.140998930659875E+007
    64   10   9.054704751796049E+007   7.922395564993352E+016   9.054704751796049E+007
    65   10   9.054704751789346E+007   7.922395564981418E+016   9.054704751789346E+007
    67   10   9.028231415206446E+007   7.877147347599856E+016   9.028231415206446E+007
    68   10   9.028231415199775E+007   7.877147347588013E+016   9.028231415199775E+007
    70   10   9.091017040720257E+007   7.973994465300011E+016   9.091017040720257E+007
    71   10   9.091017040713534E+007   7.973994465287998E+016   9.091017040713534E+007
    73   10   9.091017040720257E+007   7.973994465300011E+016   9.091017040720257E+007
    74   10   9.091017040713534E+007   7.973994465287998E+016   9.091017040713534E+007
    76   10   9.020690701960783E+007   7.853446097343792E+016   9.020690701960783E+007
    77   10   9.020690701954126E+007   7.853446097331990E+016   9.020690701954126E+007
    79   10   8.995138266391438E+007   7.811028800690768E+016   8.995138266391438E+007
    80   10   8.995138266384785E+007   7.811028800679005E+016   8.995138266384785E+007
  </DiscreteSampler_grid>
